Tick,Aircraft X,Aircraft Y,Aircraft Heading,A1,A2,A3,A4,Radar X,Radar Y,Radar Azimuth,Radar RPM,Radar Scan Pattern
0,1100,700,337.5141970537009,-85,-85,-85,-85,1350,700,338.0260289884484,16.622464967704225,circular
1,1100,700,337.5141970537009,-85,-85,-85,-85,1350,700,354.6484939561526,16.622464967704225,circular
2,1100,700,337.5141970537009,-85,-85,-85,-85,1350,700,11.270958923856824,16.622464967704225,circular
3,1100,700,337.5141970537009,-85,-85,-85,-85,1350,700,27.89342389156105,16.622464967704225,circular
4,1100,700,337.5141970537009,-85,-85,-85,-85,1350,700,44.515888859265274,16.622464967704225,circular
5,1100,700,337.5141970537009,-85,-85,-85,-85,1350,700,61.1383538269695,16.622464967704225,circular
6,1100,700,337.5141970537009,-85,-85,-85,-85,1350,700,77.76081879467372,16.622464967704225,circular
7,1100,700,337.5141970537009,-85,-85,-85,-85,1350,700,94.38328376237794,16.622464967704225,circular
8,1100,700,337.5141970537009,-85,-85,-85,-85,1350,700,111.00574873008216,16.622464967704225,circular
9,1100,700,337.5141970537009,-85,-85,-85,-85,1350,700,127.62821369778638,16.622464967704225,circular
10,1100,700,337.5141970537009,-85,-85,-85,-85,1350,700,144.2506786654906,16.622464967704225,circular
11,1100,700,337.5141970537009,21.813356630230874,-85,-85,20.48098321025059,1350,700,160.87314363319481,16.622464967704225,circular
12,1100,700,337.5141970537009,25.157178905256924,-85,-85,24.78833704083229,1350,700,177.49560860089903,16.622464967704225,circular
13,1100,700,337.5141970537009,26.074956048612798,-85,-85,26.035130213615616,1350,700,194.11807356860325,16.622464967704225,circular
14,1100,700,337.5141970537009,25.452908776355446,-85,-85,25.7492610641292,1350,700,210.74053853630747,16.622464967704225,circular
15,1100,700,337.5141970537009,22.793695368992225,-85,-85,23.553218972269416,1350,700,227.3630035040117,16.622464967704225,circular
16,1100,700,337.5141970537009,-85,-85,-85,-85,1350,700,243.9854684717159,16.622464967704225,circular
17,1100,700,337.5141970537009,-85,-85,-85,-85,1350,700,260.60793343942015,16.622464967704225,circular
18,1100,700,337.5141970537009,-85,-85,-85,-85,1350,700,277.23039840712437,16.622464967704225,circular
19,1100,700,337.5141970537009,-85,-85,-85,-85,1350,700,293.8528633748286,16.622464967704225,circular
20,1100,700,337.5141970537009,-85,-85,-85,-85,1350,700,310.4753283425328,16.622464967704225,circular
21,1100,700,337.5141970537009,-85,-85,-85,-85,1350,700,327.097793310237,16.622464967704225,circular
22,1100,700,337.5141970537009,-85,-85,-85,-85,1350,700,343.72025827794124,16.622464967704225,circular
23,1100,700,337.5141970537009,-85,-85,-85,-85,1350,700,0.342723245645459,16.622464967704225,circular
24,1100,700,337.5141970537009,-85,-85,-85,-85,1350,700,16.965188213349684,16.622464967704225,circular
25,1100,700,337.5141970537009,-85,-85,-85,-85,1350,700,33.58765318105391,16.622464967704225,circular
26,1100,700,337.5141970537009,-85,-85,-85,-85,1350,700,50.210118148758134,16.622464967704225,circular
27,1100,700,337.5141970537009,-85,-85,-85,-85,1350,700,66.83258311646236,16.622464967704225,circular
28,1100,700,337.5141970537009,-85,-85,-85,-85,1350,700,83.45504808416658,16.622464967704225,circular
29,1100,700,337.5141970537009,-85,-85,-85,-85,1350,700,100.0775130518708,16.622464967704225,circular
30,1100,700,337.5141970537009,-85,-85,-85,-85,1350,700,116.69997801957501,16.622464967704225,circular
31,1100,700,337.5141970537009,-85,-85,-85,-85,1350,700,133.32244298727923,16.622464967704225,circular
32,1100,700,337.5141970537009,-85,-85,-85,-85,1350,700,149.94490795498345,16.622464967704225,circular
33,1100,700,337.5141970537009,23.31969953712386,-85,-85,22.496022074683278,1350,700,166.56737292268767,16.622464967704225,circular
34,1100,700,337.5141970537009,25.684904084789974,-85,-85,25.452908776355446,1350,700,183.18983789039189,16.622464967704225,circular
35,1100,700,337.5141970537009,26.035130213615616,-85,-85,26.074956048612798,1350,700,199.8123028580961,16.622464967704225,circular
36,1100,700,337.5141970537009,24.92014212493214,-85,-85,25.263344594616918,1350,700,216.43476782580032,16.622464967704225,circular
37,1100,700,337.5141970537009,20.48098321025059,-85,-85,21.81335663023087,1350,700,233.05723279350454,16.622464967704225,circular
38,1100,700,337.5141970537009,-85,-85,-85,-85,1350,700,249.67969776120876,16.622464967704225,circular
39,1100,700,337.5141970537009,-85,-85,-85,-85,1350,700,266.302162728913,16.622464967704225,circular
40,1100,700,337.5141970537009,-85,-85,-85,-85,1350,700,282.9246276966172,16.622464967704225,circular
41,1100,700,337.5141970537009,-85,-85,-85,-85,1350,700,299.54709266432144,16.622464967704225,circular
42,1100,700,337.5141970537009,-85,-85,-85,-85,1350,700,316.16955763202566,16.622464967704225,circular
43,1100,700,337.5141970537009,-85,-85,-85,-85,1350,700,332.7920225997299,16.622464967704225,circular
44,1100,700,337.5141970537009,-85,-85,-85,-85,1350,700,349.4144875674341,16.622464967704225,circular
45,1100,700,337.5141970537009,-85,-85,-85,-85,1350,700,6.036952535138312,16.622464967704225,circular
46,1100,700,337.5141970537009,-85,-85,-85,-85,1350,700,22.659417502842537,16.622464967704225,circular
47,1100,700,337.5141970537009,-85,-85,-85,-85,1350,700,39.28188247054676,16.622464967704225,circular
48,1100,700,337.5141970537009,-85,-85,-85,-85,1350,700,55.90434743825099,16.622464967704225,circular
49,1100,700,337.5141970537009,-85,-85,-85,-85,1350,700,72.52681240595521,16.622464967704225,circular
50,1100,700,337.5141970537009,-85,-85,-85,-85,1350,700,89.14927737365943,16.622464967704225,circular
51,1100,700,337.5141970537009,-85,-85,-85,-85,1350,700,105.77174234136365,16.622464967704225,circular
52,1100,700,337.5141970537009,-85,-85,-85,-85,1350,700,122.39420730906787,16.622464967704225,circular
53,1100,700,337.5141970537009,-85,-85,-85,-85,1350,700,139.01667227677208,16.622464967704225,circular
54,1100,700,337.5141970537009,18.47430475951294,-85,-85,14.513447644213304,1350,700,155.6391372444763,16.622464967704225,circular
55,1100,700,337.5141970537009,24.495315191602927,-85,-85,23.971022246457757,1350,700,172.26160221218052,16.622464967704225,circular
56,1100,700,337.5141970537009,25.9816463993744,-85,-85,25.859665714847075,1350,700,188.88406717988474,16.622464967704225,circular
57,1100,700,337.5141970537009,25.859665714847075,-85,-85,25.9816463993744,1350,700,205.50653214758896,16.622464967704225,circular
58,1100,700,337.5141970537009,23.97102224645776,-85,-85,24.495315191602927,1350,700,222.12899711529317,16.622464967704225,circular
59,1100,700,337.5141970537009,14.513447644213265,-85,-85,19.25639156218219,1350,700,238.7514620829974,16.622464967704225,circular
60,1100,700,337.5141970537009,-85,-85,-85,-85,1350,700,255.3739270507016,16.622464967704225,circular
61,1100,700,337.5141970537009,-85,-85,-85,-85,1350,700,271.99639201840586,16.622464967704225,circular
62,1100,700,337.5141970537009,-85,-85,-85,-85,1350,700,288.6188569861101,16.622464967704225,circular
63,1100,700,337.5141970537009,-85,-85,-85,-85,1350,700,305.2413219538143,16.622464967704225,circular
64,1100,700,337.5141970537009,-85,-85,-85,-85,1350,700,321.8637869215185,16.622464967704225,circular
65,1100,700,337.5141970537009,-85,-85,-85,-85,1350,700,338.48625188922273,16.622464967704225,circular
66,1100,700,337.5141970537009,-85,-85,-85,-85,1350,700,355.10871685692695,16.622464967704225,circular
67,1100,700,337.5141970537009,-85,-85,-85,-85,1350,700,11.731181824631165,16.622464967704225,circular
68,1100,700,337.5141970537009,-85,-85,-85,-85,1350,700,28.35364679233539,16.622464967704225,circular
69,1100,700,337.5141970537009,-85,-85,-85,-85,1350,700,44.976111760039615,16.622464967704225,circular
70,1100,700,337.5141970537009,-85,-85,-85,-85,1350,700,61.59857672774384,16.622464967704225,circular
71,1100,700,337.5141970537009,-85,-85,-85,-85,1350,700,78.22104169544806,16.622464967704225,circular
72,1100,700,337.5141970537009,-85,-85,-85,-85,1350,700,94.84350666315228,16.622464967704225,circular
73,1100,700,337.5141970537009,-85,-85,-85,-85,1350,700,111.4659716308565,16.622464967704225,circular
74,1100,700,337.5141970537009,-85,-85,-85,-85,1350,700,128.08843659856072,16.622464967704225,circular
75,1100,700,337.5141970537009,-85,-85,-85,-85,1350,700,144.71090156626494,16.622464967704225,circular
76,1100,700,337.5141970537009,21.813356630230874,-85,-85,20.48098321025059,1350,700,161.33336653396915,16.622464967704225,circular
77,1100,700,337.5141970537009,25.26334459461691,-85,-85,24.92014212493214,1350,700,177.95583150167337,16.622464967704225,circular
78,1100,700,337.5141970537009,26.074956048612798,-85,-85,26.035130213615616,1350,700,194.5782964693776,16.622464967704225,circular
79,1100,700,337.5141970537009,25.452908776355446,-85,-85,25.684904084789977,1350,700,211.2007614370818,16.622464967704225,circular
80,1100,700,337.5141970537009,22.496022074683278,-85,-85,23.319699537123853,1350,700,227.82322640478603,16.622464967704225,circular
81,1100,700,337.5141970537009,-85,-85,-85,-85,1350,700,244.44569137249024,16.622464967704225,circular
82,1100,700,337.5141970537009,-85,-85,-85,-85,1350,700,261.0681563401945,16.622464967704225,circular
83,1100,700,337.5141970537009,-85,-85,-85,-85,1350,700,277.6906213078987,16.622464967704225,circular
84,1100,700,337.5141970537009,-85,-85,-85,-85,1350,700,294.3130862756029,16.622464967704225,circular
85,1100,700,337.5141970537009,-85,-85,-85,-85,1350,700,310.93555124330715,16.622464967704225,circular
86,1100,700,337.5141970537009,-85,-85,-85,-85,1350,700,327.55801621101136,16.622464967704225,circular
87,1100,700,337.5141970537009,-85,-85,-85,-85,1350,700,344.1804811787156,16.622464967704225,circular
88,1100,700,337.5141970537009,-85,-85,-85,-85,1350,700,0.8029461464197993,16.622464967704225,circular
89,1100,700,337.5141970537009,-85,-85,-85,-85,1350,700,17.425411114124024,16.622464967704225,circular
90,1100,700,337.5141970537009,-85,-85,-85,-85,1350,700,34.04787608182825,16.622464967704225,circular
91,1100,700,337.5141970537009,-85,-85,-85,-85,1350,700,50.670341049532475,16.622464967704225,circular
92,1100,700,337.5141970537009,-85,-85,-85,-85,1350,700,67.2928060172367,16.622464967704225,circular
93,1100,700,337.5141970537009,-85,-85,-85,-85,1350,700,83.91527098494092,16.622464967704225,circular
94,1100,700,337.5141970537009,-85,-85,-85,-85,1350,700,100.53773595264514,16.622464967704225,circular
95,1100,700,337.5141970537009,-85,-85,-85,-85,1350,700,117.16020092034935,16.622464967704225,circular
96,1100,700,337.5141970537009,-85,-85,-85,-85,1350,700,133.78266588805357,16.622464967704225,circular
97,1100,700,337.5141970537009,-85,-85,-85,-85,1350,700,150.4051308557578,16.622464967704225,circular
98,1100,700,337.5141970537009,23.553218972269416,-85,-85,22.793695368992218,1350,700,167.027595823462,16.622464967704225,circular
99,1100,700,337.5141970537009,25.684904084789974,-85,-85,25.452908776355446,1350,700,183.65006079116623,16.622464967704225,circular
100,1100,700,337.5141970537009,26.035130213615616,-85,-85,26.074956048612798,1350,700,200.27252575887044,16.622464967704225,circular
101,1100,700,337.5141970537009,24.788337040832293,-85,-85,25.157178905256924,1350,700,216.89499072657466,16.622464967704225,circular
102,1100,700,337.5141970537009,20.48098321025059,-85,-85,21.81335663023087,1350,700,233.51745569427888,16.622464967704225,circular
103,1100,700,337.5141970537009,-85,-85,-85,-85,1350,700,250.1399206619831,16.622464967704225,circular
104,1100,700,337.5141970537009,-85,-85,-85,-85,1350,700,266.76238562968734,16.622464967704225,circular
105,1100,700,337.5141970537009,-85,-85,-85,-85,1350,700,283.38485059739156,16.622464967704225,circular
106,1100,700,337.5141970537009,-85,-85,-85,-85,1350,700,300.0073155650958,16.622464967704225,circular
107,1100,700,337.5141970537009,-85,-85,-85,-85,1350,700,316.6297805328,16.622464967704225,circular
108,1100,700,337.5141970537009,-85,-85,-85,-85,1350,700,333.2522455005042,16.622464967704225,circular
109,1100,700,337.5141970537009,-85,-85,-85,-85,1350,700,349.87471046820843,16.622464967704225,circular
110,1100,700,337.5141970537009,-85,-85,-85,-85,1350,700,6.497175435912652,16.622464967704225,circular
111,1100,700,337.5141970537009,-85,-85,-85,-85,1350,700,23.119640403616877,16.622464967704225,circular
112,1100,700,337.5141970537009,-85,-85,-85,-85,1350,700,39.7421053713211,16.622464967704225,circular
113,1100,700,337.5141970537009,-85,-85,-85,-85,1350,700,56.36457033902533,16.622464967704225,circular
114,1100,700,337.5141970537009,-85,-85,-85,-85,1350,700,72.98703530672955,16.622464967704225,circular
115,1100,700,337.5141970537009,-85,-85,-85,-85,1350,700,89.60950027443377,16.622464967704225,circular
116,1100,700,337.5141970537009,-85,-85,-85,-85,1350,700,106.23196524213799,16.622464967704225,circular
117,1100,700,337.5141970537009,-85,-85,-85,-85,1350,700,122.8544302098422,16.622464967704225,circular
118,1100,700,337.5141970537009,-85,-85,-85,-85,1350,700,139.47689517754642,16.622464967704225,circular
119,1100,700,337.5141970537009,19.25639156218217,-85,-85,16.269948115724727,1350,700,156.09936014525064,16.622464967704225,circular
120,1100,700,337.5141970537009,24.646943359767004,-85,-85,23.971022246457757,1350,700,172.72182511295486,16.622464967704225,circular
121,1100,700,337.5141970537009,25.9816463993744,-85,-85,25.859665714847075,1350,700,189.34429008065908,16.622464967704225,circular
122,1100,700,337.5141970537009,25.807460623826316,-85,-85,25.946643644493044,1350,700,205.9667550483633,16.622464967704225,circular
123,1100,700,337.5141970537009,23.97102224645776,-85,-85,24.495315191602927,1350,700,222.58922001606751,16.622464967704225,circular
124,1100,700,337.5141970537009,14.513447644213265,-85,-85,18.474304759512954,1350,700,239.21168498377173,16.622464967704225,circular
125,1100,700,337.5141970537009,-85,-85,-85,-85,1350,700,255.83414995147595,16.622464967704225,circular
126,1100,700,337.5141970537009,-85,-85,-85,-85,1350,700,272.4566149191802,16.622464967704225,circular
127,1100,700,337.5141970537009,-85,-85,-85,-85,1350,700,289.0790798868844,16.622464967704225,circular
128,1100,700,337.5141970537009,-85,-85,-85,-85,1350,700,305.70154485458863,16.622464967704225,circular
129,1100,700,337.5141970537009,-85,-85,-85,-85,1350,700,322.32400982229285,16.622464967704225,circular
130,1100,700,337.5141970537009,-85,-85,-85,-85,1350,700,338.94647478999707,16.622464967704225,circular
131,1100,700,337.5141970537009,-85,-85,-85,-85,1350,700,355.5689397577013,16.622464967704225,circular
132,1100,700,337.5141970537009,-85,-85,-85,-85,1350,700,12.191404725405505,16.622464967704225,circular
133,1100,700,337.5141970537009,-85,-85,-85,-85,1350,700,28.81386969310973,16.622464967704225,circular
134,1100,700,337.5141970537009,-85,-85,-85,-85,1350,700,45.436334660813955,16.622464967704225,circular
135,1100,700,337.5141970537009,-85,-85,-85,-85,1350,700,62.05879962851818,16.622464967704225,circular
136,1100,700,337.5141970537009,-85,-85,-85,-85,1350,700,78.6812645962224,16.622464967704225,circular
137,1100,700,337.5141970537009,-85,-85,-85,-85,1350,700,95.30372956392662,16.622464967704225,circular
138,1100,700,337.5141970537009,-85,-85,-85,-85,1350,700,111.92619453163084,16.622464967704225,circular
139,1100,700,337.5141970537009,-85,-85,-85,-85,1350,700,128.54865949933506,16.622464967704225,circular
140,1100,700,337.5141970537009,-85,-85,-85,-85,1350,700,145.17112446703928,16.622464967704225,circular
141,1100,700,337.5141970537009,22.170735458799452,-85,-85,20.97742610025734,1350,700,161.7935894347435,16.622464967704225,circular
142,1100,700,337.5141970537009,25.26334459461691,-85,-85,24.92014212493214,1350,700,178.4160544024477,16.622464967704225,circular
143,1100,700,337.5141970537009,26.077602459396946,-85,-85,26.053745949214605,1350,700,195.03851937015193,16.622464967704225,circular
144,1100,700,337.5141970537009,25.452908776355446,-85,-85,25.684904084789977,1350,700,211.66098433785615,16.622464967704225,circular
145,1100,700,337.5141970537009,22.496022074683278,-85,-85,23.319699537123853,1350,700,228.28344930556037,16.622464967704225,circular
146,1100,700,337.5141970537009,-85,-85,-85,-85,1350,700,244.90591427326459,16.622464967704225,circular
147,1100,700,337.5141970537009,-85,-85,-85,-85,1350,700,261.52837924096883,16.622464967704225,circular
148,1100,700,337.5141970537009,-85,-85,-85,-85,1350,700,278.15084420867305,16.622464967704225,circular
149,1100,700,337.5141970537009,-85,-85,-85,-85,1350,700,294.77330917637727,16.622464967704225,circular
150,1100,700,337.5141970537009,-85,-85,-85,-85,1350,700,311.3957741440815,16.622464967704225,circular
151,1100,700,337.5141970537009,-85,-85,-85,-85,1350,700,328.0182391117857,16.622464967704225,circular
152,1100,700,337.5141970537009,-85,-85,-85,-85,1350,700,344.6407040794899,16.622464967704225,circular
153,1100,700,337.5141970537009,-85,-85,-85,-85,1350,700,1.2631690471941397,16.622464967704225,circular
154,1100,700,337.5141970537009,-85,-85,-85,-85,1350,700,17.885634014898365,16.622464967704225,circular
155,1100,700,337.5141970537009,-85,-85,-85,-85,1350,700,34.50809898260259,16.622464967704225,circular
156,1100,700,337.5141970537009,-85,-85,-85,-85,1350,700,51.130563950306815,16.622464967704225,circular
157,1100,700,337.5141970537009,-85,-85,-85,-85,1350,700,67.75302891801104,16.622464967704225,circular
158,1100,700,337.5141970537009,-85,-85,-85,-85,1350,700,84.37549388571526,16.622464967704225,circular
159,1100,700,337.5141970537009,-85,-85,-85,-85,1350,700,100.99795885341948,16.622464967704225,circular
160,1100,700,337.5141970537009,-85,-85,-85,-85,1350,700,117.6204238211237,16.622464967704225,circular
161,1100,700,337.5141970537009,-85,-85,-85,-85,1350,700,134.2428887888279,16.622464967704225,circular
162,1100,700,337.5141970537009,11.505794098357505,-85,-85,-85,1350,700,150.86535375653213,16.622464967704225,circular
163,1100,700,337.5141970537009,23.553218972269416,-85,-85,22.793695368992218,1350,700,167.48781872423635,16.622464967704225,circular
164,1100,700,337.5141970537009,25.7492610641292,-85,-85,25.536951728381826,1350,700,184.11028369194057,16.622464967704225,circular
165,1100,700,337.5141970537009,26.011117049096303,-85,-85,26.074956048612798,1350,700,200.73274865964478,16.622464967704225,circular
166,1100,700,337.5141970537009,24.788337040832293,-85,-85,25.157178905256924,1350,700,217.355213627349,16.622464967704225,circular
167,1100,700,337.5141970537009,19.914354227256315,-85,-85,21.418119305852123,1350,700,233.97767859505322,16.622464967704225,circular
168,1100,700,337.5141970537009,-85,-85,-85,-85,1350,700,250.60014356275744,16.622464967704225,circular
169,1100,700,337.5141970537009,-85,-85,-85,-85,1350,700,267.2226085304617,16.622464967704225,circular
170,1100,700,337.5141970537009,-85,-85,-85,-85,1350,700,283.8450734981659,16.622464967704225,circular
171,1100,700,337.5141970537009,-85,-85,-85,-85,1350,700,300.4675384658701,16.622464967704225,circular
172,1100,700,337.5141970537009,-85,-85,-85,-85,1350,700,317.09000343357434,16.622464967704225,circular
173,1100,700,337.5141970537009,-85,-85,-85,-85,1350,700,333.71246840127856,16.622464967704225,circular
174,1100,700,337.5141970537009,-85,-85,-85,-85,1350,700,350.3349333689828,16.622464967704225,circular
175,1100,700,337.5141970537009,-85,-85,-85,-85,1350,700,6.9573983366869925,16.622464967704225,circular
176,1100,700,337.5141970537009,-85,-85,-85,-85,1350,700,23.579863304391218,16.622464967704225,circular
177,1100,700,337.5141970537009,-85,-85,-85,-85,1350,700,40.20232827209544,16.622464967704225,circular
178,1100,700,337.5141970537009,-85,-85,-85,-85,1350,700,56.82479323979967,16.622464967704225,circular
179,1100,700,337.5141970537009,-85,-85,-85,-85,1350,700,73.44725820750389,16.622464967704225,circular
180,1100,700,337.5141970537009,-85,-85,-85,-85,1350,700,90.06972317520811,16.622464967704225,circular
181,1100,700,337.5141970537009,-85,-85,-85,-85,1350,700,106.69218814291233,16.622464967704225,circular
182,1100,700,337.5141970537009,-85,-85,-85,-85,1350,700,123.31465311061655,16.622464967704225,circular
183,1100,700,337.5141970537009,-85,-85,-85,-85,1350,700,139.93711807832076,16.622464967704225,circular
184,1100,700,337.5141970537009,19.25639156218217,-85,-85,16.269948115724727,1350,700,156.55958304602498,16.622464967704225,circular
185,1100,700,337.5141970537009,24.646943359767004,-85,-85,24.1582774269213,1350,700,173.1820480137292,16.622464967704225,circular
186,1100,700,337.5141970537009,26.011117049096303,-85,-85,25.906018829630398,1350,700,189.80451298143342,16.622464967704225,circular
187,1100,700,337.5141970537009,25.807460623826316,-85,-85,25.946643644493044,1350,700,206.42697794913764,16.622464967704225,circular
188,1100,700,337.5141970537009,23.769789312347285,-85,-85,24.332711411139446,1350,700,223.04944291684185,16.622464967704225,circular
189,1100,700,337.5141970537009,14.513447644213265,-85,-85,18.474304759512954,1350,700,239.67190788454607,16.622464967704225,circular
190,1100,700,337.5141970537009,-85,-85,-85,-85,1350,700,256.2943728522503,16.622464967704225,circular
191,1100,700,337.5141970537009,-85,-85,-85,-85,1350,700,272.91683781995454,16.622464967704225,circular
192,1100,700,337.5141970537009,-85,-85,-85,-85,1350,700,289.53930278765876,16.622464967704225,circular
193,1100,700,337.5141970537009,-85,-85,-85,-85,1350,700,306.161767755363,16.622464967704225,circular
194,1100,700,337.5141970537009,-85,-85,-85,-85,1350,700,322.7842327230672,16.622464967704225,circular
195,1100,700,337.5141970537009,-85,-85,-85,-85,1350,700,339.4066976907714,16.622464967704225,circular
196,1100,700,337.5141970537009,-85,-85,-85,-85,1350,700,356.0291626584756,16.622464967704225,circular
197,1100,700,337.5141970537009,-85,-85,-85,-85,1350,700,12.651627626179845,16.622464967704225,circular
198,1100,700,337.5141970537009,-85,-85,-85,-85,1350,700,29.27409259388407,16.622464967704225,circular
199,1100,700,337.5141970537009,-85,-85,-85,-85,1350,700,45.896557561588295,16.622464967704225,circular
200,1100,700,337.5141970537009,-85,-85,-85,-85,1350,700,62.51902252929252,16.622464967704225,circular
201,1100,700,337.5141970537009,-85,-85,-85,-85,1350,700,79.14148749699675,16.622464967704225,circular
202,1100,700,337.5141970537009,-85,-85,-85,-85,1350,700,95.76395246470096,16.622464967704225,circular
203,1100,700,337.5141970537009,-85,-85,-85,-85,1350,700,112.38641743240518,16.622464967704225,circular
204,1100,700,337.5141970537009,-85,-85,-85,-85,1350,700,129.0088824001094,16.622464967704225,circular
205,1100,700,337.5141970537009,-85,-85,-85,-85,1350,700,145.63134736781362,16.622464967704225,circular
206,1100,700,337.5141970537009,22.170735458799452,-85,-85,20.97742610025734,1350,700,162.25381233551784,16.622464967704225,circular
207,1100,700,337.5141970537009,25.36180729449956,-85,-85,25.042923900792417,1350,700,178.87627730322205,16.622464967704225,circular
208,1100,700,337.5141970537009,26.077602459396946,-85,-85,26.053745949214605,1350,700,195.49874227092627,16.622464967704225,circular
209,1100,700,337.5141970537009,25.361807294499556,-85,-85,25.614204328866276,1350,700,212.1212072386305,16.622464967704225,circular
210,1100,700,337.5141970537009,22.170735458799452,-85,-85,23.319699537123853,1350,700,228.7436722063347,16.622464967704225,circular
211,1100,700,337.5141970537009,-85,-85,-85,-85,1350,700,245.36613717403893,16.622464967704225,circular
212,1100,700,337.5141970537009,-85,-85,-85,-85,1350,700,261.9886021417432,16.622464967704225,circular
213,1100,700,337.5141970537009,-85,-85,-85,-85,1350,700,278.6110671094474,16.622464967704225,circular
214,1100,700,337.5141970537009,-85,-85,-85,-85,1350,700,295.2335320771516,16.622464967704225,circular
215,1100,700,337.5141970537009,-85,-85,-85,-85,1350,700,311.8559970448558,16.622464967704225,circular
216,1100,700,337.5141970537009,-85,-85,-85,-85,1350,700,328.47846201256004,16.622464967704225,circular
217,1100,700,337.5141970537009,-85,-85,-85,-85,1350,700,345.10092698026426,16.622464967704225,circular
218,1100,700,337.5141970537009,-85,-85,-85,-85,1350,700,1.72339194796848,16.622464967704225,circular
219,1100,700,337.5141970537009,-85,-85,-85,-85,1350,700,18.345856915672705,16.622464967704225,circular
220,1100,700,337.5141970537009,-85,-85,-85,-85,1350,700,34.96832188337693,16.622464967704225,circular
221,1100,700,337.5141970537009,-85,-85,-85,-85,1350,700,51.590786851081155,16.622464967704225,circular
222,1100,700,337.5141970537009,-85,-85,-85,-85,1350,700,68.21325181878538,16.622464967704225,circular
223,1100,700,337.5141970537009,-85,-85,-85,-85,1350,700,84.8357167864896,16.622464967704225,circular
224,1100,700,337.5141970537009,-85,-85,-85,-85,1350,700,101.45818175419382,16.622464967704225,circular
225,1100,700,337.5141970537009,-85,-85,-85,-85,1350,700,118.08064672189803,16.622464967704225,circular
226,1100,700,337.5141970537009,-85,-85,-85,-85,1350,700,134.70311168960225,16.622464967704225,circular
227,1100,700,337.5141970537009,11.505794098357505,-85,-85,-85,1350,700,151.32557665730647,16.622464967704225,circular
228,1100,700,337.5141970537009,23.769789312347285,-85,-85,23.06730250275713,1350,700,167.9480416250107,16.622464967704225,circular
229,1100,700,337.5141970537009,25.7492610641292,-85,-85,25.536951728381826,1350,700,184.5705065927149,16.622464967704225,circular
230,1100,700,337.5141970537009,26.011117049096303,-85,-85,26.067010357935978,1350,700,201.19297156041912,16.622464967704225,circular
231,1100,700,337.5141970537009,24.646943359767004,-85,-85,25.042923900792417,1350,700,217.81543652812334,16.622464967704225,circular
232,1100,700,337.5141970537009,19.914354227256315,-85,-85,21.418119305852123,1350,700,234.43790149582756,16.622464967704225,circular
233,1100,700,337.5141970537009,-85,-85,-85,-85,1350,700,251.06036646353178,16.622464967704225,circular
234,1100,700,337.5141970537009,-85,-85,-85,-85,1350,700,267.682831431236,16.622464967704225,circular
235,1100,700,337.5141970537009,-85,-85,-85,-85,1350,700,284.30529639894024,16.622464967704225,circular
236,1100,700,337.5141970537009,-85,-85,-85,-85,1350,700,300.92776136664446,16.622464967704225,circular
237,1100,700,337.5141970537009,-85,-85,-85,-85,1350,700,317.5502263343487,16.622464967704225,circular
238,1100,700,337.5141970537009,-85,-85,-85,-85,1350,700,334.1726913020529,16.622464967704225,circular
239,1100,700,337.5141970537009,-85,-85,-85,-85,1350,700,350.7951562697571,16.622464967704225,circular
240,1100,700,337.5141970537009,-85,-85,-85,-85,1350,700,7.417621237461333,16.622464967704225,circular
241,1100,700,337.5141970537009,-85,-85,-85,-85,1350,700,24.040086205165558,16.622464967704225,circular
242,1100,700,337.5141970537009,-85,-85,-85,-85,1350,700,40.66255117286978,16.622464967704225,circular
243,1100,700,337.5141970537009,-85,-85,-85,-85,1350,700,57.28501614057401,16.622464967704225,circular
244,1100,700,337.5141970537009,-85,-85,-85,-85,1350,700,73.90748110827823,16.622464967704225,circular
245,1100,700,337.5141970537009,-85,-85,-85,-85,1350,700,90.52994607598245,16.622464967704225,circular
246,1100,700,337.5141970537009,-85,-85,-85,-85,1350,700,107.15241104368667,16.622464967704225,circular
247,1100,700,337.5141970537009,-85,-85,-85,-85,1350,700,123.77487601139089,16.622464967704225,circular
248,1100,700,337.5141970537009,-85,-85,-85,-85,1350,700,140.3973409790951,16.622464967704225,circular
249,1100,700,337.5141970537009,19.91435422725632,-85,-85,17.513155499392102,1350,700,157.01980594679932,16.622464967704225,circular
250,1100,700,337.5141970537009,24.646943359767004,-85,-85,24.1582774269213,1350,700,173.64227091450354,16.622464967704225,circular
251,1100,700,337.5141970537009,26.011117049096303,-85,-85,25.906018829630398,1350,700,190.26473588220776,16.622464967704225,circular
252,1100,700,337.5141970537009,25.7492610641292,-85,-85,25.906018829630398,1350,700,206.88720084991198,16.622464967704225,circular
253,1100,700,337.5141970537009,23.769789312347285,-85,-85,24.332711411139446,1350,700,223.5096658176162,16.622464967704225,circular
254,1100,700,337.5141970537009,11.50579409835762,-85,-85,17.51315549939211,1350,700,240.1321307853204,16.622464967704225,circular
255,1100,700,337.5141970537009,-85,-85,-85,-85,1350,700,256.75459575302466,16.622464967704225,circular
256,1100,700,337.5141970537009,-85,-85,-85,-85,1350,700,273.3770607207289,16.622464967704225,circular
257,1100,700,337.5141970537009,-85,-85,-85,-85,1350,700,289.9995256884331,16.622464967704225,circular
258,1100,700,337.5141970537009,-85,-85,-85,-85,1350,700,306.6219906561373,16.622464967704225,circular
259,1100,700,337.5141970537009,-85,-85,-85,-85,1350,700,323.24445562384153,16.622464967704225,circular
260,1100,700,337.5141970537009,-85,-85,-85,-85,1350,700,339.86692059154575,16.622464967704225,circular
261,1100,700,337.5141970537009,-85,-85,-85,-85,1350,700,356.48938555924997,16.622464967704225,circular
262,1100,700,337.5141970537009,-85,-85,-85,-85,1350,700,13.111850526954186,16.622464967704225,circular
263,1100,700,337.5141970537009,-85,-85,-85,-85,1350,700,29.73431549465841,16.622464967704225,circular
264,1100,700,337.5141970537009,-85,-85,-85,-85,1350,700,46.356780462362636,16.622464967704225,circular
265,1100,700,337.5141970537009,-85,-85,-85,-85,1350,700,62.97924543006686,16.622464967704225,circular
266,1100,700,337.5141970537009,-85,-85,-85,-85,1350,700,79.60171039777109,16.622464967704225,circular
267,1100,700,337.5141970537009,-85,-85,-85,-85,1350,700,96.2241753654753,16.622464967704225,circular
268,1100,700,337.5141970537009,-85,-85,-85,-85,1350,700,112.84664033317952,16.622464967704225,circular
269,1100,700,337.5141970537009,-85,-85,-85,-85,1350,700,129.46910530088374,16.622464967704225,circular
270,1100,700,337.5141970537009,-85,-85,-85,-85,1350,700,146.09157026858796,16.622464967704225,circular
271,1100,700,337.5141970537009,22.496022074683278,-85,-85,20.97742610025734,1350,700,162.71403523629218,16.622464967704225,circular
272,1100,700,337.5141970537009,25.36180729449956,-85,-85,25.042923900792417,1350,700,179.3365002039964,16.622464967704225,circular
273,1100,700,337.5141970537009,26.077602459396946,-85,-85,26.067010357935978,1350,700,195.9589651717006,16.622464967704225,circular
274,1100,700,337.5141970537009,25.361807294499556,-85,-85,25.614204328866276,1350,700,212.58143013940483,16.622464967704225,circular
275,1100,700,337.5141970537009,22.170735458799452,-85,-85,23.067302502757133,1350,700,229.20389510710905,16.622464967704225,circular
276,1100,700,337.5141970537009,-85,-85,-85,-85,1350,700,245.82636007481327,16.622464967704225,circular
277,1100,700,337.5141970537009,-85,-85,-85,-85,1350,700,262.4488250425175,16.622464967704225,circular
278,1100,700,337.5141970537009,-85,-85,-85,-85,1350,700,279.07129001022173,16.622464967704225,circular
279,1100,700,337.5141970537009,-85,-85,-85,-85,1350,700,295.69375497792595,16.622464967704225,circular
280,1100,700,337.5141970537009,-85,-85,-85,-85,1350,700,312.31621994563017,16.622464967704225,circular
281,1100,700,337.5141970537009,-85,-85,-85,-85,1350,700,328.9386849133344,16.622464967704225,circular
282,1100,700,337.5141970537009,-85,-85,-85,-85,1350,700,345.5611498810386,16.622464967704225,circular
283,1100,700,337.5141970537009,-85,-85,-85,-85,1350,700,2.1836148487428204,16.622464967704225,circular
284,1100,700,337.5141970537009,-85,-85,-85,-85,1350,700,18.806079816447046,16.622464967704225,circular
285,1100,700,337.5141970537009,-85,-85,-85,-85,1350,700,35.42854478415127,16.622464967704225,circular
286,1100,700,337.5141970537009,-85,-85,-85,-85,1350,700,52.051009751855496,16.622464967704225,circular
287,1100,700,337.5141970537009,-85,-85,-85,-85,1350,700,68.67347471955972,16.622464967704225,circular
288,1100,700,337.5141970537009,-85,-85,-85,-85,1350,700,85.29593968726394,16.622464967704225,circular
289,1100,700,337.5141970537009,-85,-85,-85,-85,1350,700,101.91840465496816,16.622464967704225,circular
290,1100,700,337.5141970537009,-85,-85,-85,-85,1350,700,118.54086962267237,16.622464967704225,circular
291,1100,700,337.5141970537009,-85,-85,-85,-85,1350,700,135.1633345903766,16.622464967704225,circular
292,1100,700,337.5141970537009,14.513447644213304,-85,-85,-85,1350,700,151.7857995580808,16.622464967704225,circular
293,1100,700,337.5141970537009,23.769789312347285,-85,-85,23.06730250275713,1350,700,168.40826452578503,16.622464967704225,circular
294,1100,700,337.5141970537009,25.80746062382631,-85,-85,25.614204328866276,1350,700,185.03072949348925,16.622464967704225,circular
295,1100,700,337.5141970537009,26.011117049096303,-85,-85,26.067010357935978,1350,700,201.65319446119346,16.622464967704225,circular
296,1100,700,337.5141970537009,24.646943359767004,-85,-85,25.042923900792417,1350,700,218.27565942889768,16.622464967704225,circular
297,1100,700,337.5141970537009,19.25639156218219,-85,-85,20.97742610025735,1350,700,234.8981243966019,16.622464967704225,circular
298,1100,700,337.5141970537009,-85,-85,-85,-85,1350,700,251.52058936430612,16.622464967704225,circular
299,1100,700,337.5141970537009,-85,-85,-85,-85,1350,700,268.14305433201037,16.622464967704225,circular
300,1100,700,337.5141970537009,-85,-85,-85,-85,1350,700,284.7655192997146,16.622464967704225,circular
301,1100,700,337.5141970537009,-85,-85,-85,-85,1350,700,301.3879842674188,16.622464967704225,circular
302,1100,700,337.5141970537009,-85,-85,-85,-85,1350,700,318.010449235123,16.622464967704225,circular
303,1100,700,337.5141970537009,-85,-85,-85,-85,1350,700,334.63291420282724,16.622464967704225,circular
304,1100,700,337.5141970537009,-85,-85,-85,-85,1350,700,351.25537917053146,16.622464967704225,circular
305,1100,700,337.5141970537009,-85,-85,-85,-85,1350,700,7.877844138235673,16.622464967704225,circular
306,1100,700,337.5141970537009,-85,-85,-85,-85,1350,700,24.5003091059399,16.622464967704225,circular
307,1100,700,337.5141970537009,-85,-85,-85,-85,1350,700,41.12277407364412,16.622464967704225,circular
308,1100,700,337.5141970537009,-85,-85,-85,-85,1350,700,57.74523904134835,16.622464967704225,circular
309,1100,700,337.5141970537009,-85,-85,-85,-85,1350,700,74.36770400905257,16.622464967704225,circular
310,1100,700,337.5141970537009,-85,-85,-85,-85,1350,700,90.99016897675679,16.622464967704225,circular
311,1100,700,337.5141970537009,-85,-85,-85,-85,1350,700,107.61263394446101,16.622464967704225,circular
312,1100,700,337.5141970537009,-85,-85,-85,-85,1350,700,124.23509891216523,16.622464967704225,circular
313,1100,700,337.5141970537009,-85,-85,-85,-85,1350,700,140.85756387986945,16.622464967704225,circular
314,1100,700,337.5141970537009,19.91435422725632,-85,-85,17.513155499392102,1350,700,157.48002884757366,16.622464967704225,circular
315,1100,700,337.5141970537009,24.78833704083229,-85,-85,24.33271141113945,1350,700,174.10249381527788,16.622464967704225,circular
316,1100,700,337.5141970537009,26.035130213615616,-85,-85,25.906018829630398,1350,700,190.7249587829821,16.622464967704225,circular
317,1100,700,337.5141970537009,25.7492610641292,-85,-85,25.906018829630398,1350,700,207.34742375068632,16.622464967704225,circular
318,1100,700,337.5141970537009,23.553218972269416,-85,-85,24.1582774269213,1350,700,223.96988871839054,16.622464967704225,circular
319,1100,700,337.5141970537009,11.50579409835762,-85,-85,17.51315549939211,1350,700,240.59235368609475,16.622464967704225,circular
320,1100,700,337.5141970537009,-85,-85,-85,-85,1350,700,257.214818653799,16.622464967704225,circular
321,1100,700,337.5141970537009,-85,-85,-85,-85,1350,700,273.8372836215032,16.622464967704225,circular
322,1100,700,337.5141970537009,-85,-85,-85,-85,1350,700,290.45974858920744,16.622464967704225,circular
323,1100,700,337.5141970537009,-85,-85,-85,-85,1350,700,307.08221355691165,16.622464967704225,circular
324,1100,700,337.5141970537009,-85,-85,-85,-85,1350,700,323.7046785246159,16.622464967704225,circular
325,1100,700,337.5141970537009,-85,-85,-85,-85,1350,700,340.3271434923201,16.622464967704225,circular
326,1100,700,337.5141970537009,-85,-85,-85,-85,1350,700,356.9496084600243,16.622464967704225,circular
327,1100,700,337.5141970537009,-85,-85,-85,-85,1350,700,13.572073427728526,16.622464967704225,circular
328,1100,700,337.5141970537009,-85,-85,-85,-85,1350,700,30.19453839543275,16.622464967704225,circular
329,1100,700,337.5141970537009,-85,-85,-85,-85,1350,700,46.817003363136976,16.622464967704225,circular
330,1100,700,337.5141970537009,-85,-85,-85,-85,1350,700,63.4394683308412,16.622464967704225,circular
331,1100,700,337.5141970537009,-85,-85,-85,-85,1350,700,80.06193329854543,16.622464967704225,circular
332,1100,700,337.5141970537009,-85,-85,-85,-85,1350,700,96.68439826624964,16.622464967704225,circular
333,1100,700,337.5141970537009,-85,-85,-85,-85,1350,700,113.30686323395386,16.622464967704225,circular
334,1100,700,337.5141970537009,-85,-85,-85,-85,1350,700,129.92932820165808,16.622464967704225,circular
335,1100,700,337.5141970537009,-85,-85,-85,-85,1350,700,146.5517931693623,16.622464967704225,circular
336,1100,700,337.5141970537009,22.496022074683278,-85,-85,21.41811930585211,1350,700,163.17425813706652,16.622464967704225,circular
337,1100,700,337.5141970537009,25.452908776355446,-85,-85,25.157178905256924,1350,700,179.79672310477073,16.622464967704225,circular
338,1100,700,337.5141970537009,26.077602459396946,-85,-85,26.067010357935978,1350,700,196.41918807247495,16.622464967704225,circular
339,1100,700,337.5141970537009,25.263344594616918,-85,-85,25.536951728381826,1350,700,213.04165304017917,16.622464967704225,circular
340,1100,700,337.5141970537009,22.170735458799452,-85,-85,23.067302502757133,1350,700,229.6641180078834,16.622464967704225,circular
341,1100,700,337.5141970537009,-85,-85,-85,-85,1350,700,246.2865829755876,16.622464967704225,circular
342,1100,700,337.5141970537009,-85,-85,-85,-85,1350,700,262.90904794329185,16.622464967704225,circular
343,1100,700,337.5141970537009,-85,-85,-85,-85,1350,700,279.53151291099607,16.622464967704225,circular
344,1100,700,337.5141970537009,-85,-85,-85,-85,1350,700,296.1539778787003,16.622464967704225,circular
345,1100,700,337.5141970537009,-85,-85,-85,-85,1350,700,312.7764428464045,16.622464967704225,circular
346,1100,700,337.5141970537009,-85,-85,-85,-85,1350,700,329.3989078141087,16.622464967704225,circular
347,1100,700,337.5141970537009,-85,-85,-85,-85,1350,700,346.02137278181294,16.622464967704225,circular
348,1100,700,337.5141970537009,-85,-85,-85,-85,1350,700,2.6438377495171608,16.622464967704225,circular
349,1100,700,337.5141970537009,-85,-85,-85,-85,1350,700,19.266302717221386,16.622464967704225,circular
350,1100,700,337.5141970537009,-85,-85,-85,-85,1350,700,35.88876768492561,16.622464967704225,circular
351,1100,700,337.5141970537009,-85,-85,-85,-85,1350,700,52.511232652629836,16.622464967704225,circular
352,1100,700,337.5141970537009,-85,-85,-85,-85,1350,700,69.13369762033406,16.622464967704225,circular
353,1100,700,337.5141970537009,-85,-85,-85,-85,1350,700,85.75616258803828,16.622464967704225,circular
354,1100,700,337.5141970537009,-85,-85,-85,-85,1350,700,102.3786275557425,16.622464967704225,circular
355,1100,700,337.5141970537009,-85,-85,-85,-85,1350,700,119.00109252344672,16.622464967704225,circular
356,1100,700,337.5141970537009,-85,-85,-85,-85,1350,700,135.62355749115093,16.622464967704225,circular
357,1100,700,337.5141970537009,14.513447644213304,-85,-85,-85,1350,700,152.24602245885515,16.622464967704225,circular
358,1100,700,337.5141970537009,23.971022246457757,-85,-85,23.31969953712386,1350,700,168.86848742655937,16.622464967704225,circular
359,1100,700,337.5141970537009,25.80746062382631,-85,-85,25.614204328866276,1350,700,185.4909523942636,16.622464967704225,circular
360,1100,700,337.5141970537009,25.9816463993744,-85,-85,26.053745949214605,1350,700,202.1134173619678,16.622464967704225,circular
361,1100,700,337.5141970537009,24.495315191602927,-85,-85,25.042923900792417,1350,700,218.73588232967202,16.622464967704225,circular
362,1100,700,337.5141970537009,19.25639156218219,-85,-85,20.97742610025735,1350,700,235.35834729737624,16.622464967704225,circular
363,1100,700,337.5141970537009,-85,-85,-85,-85,1350,700,251.98081226508046,16.622464967704225,circular
364,1100,700,337.5141970537009,-85,-85,-85,-85,1350,700,268.6032772327847,16.622464967704225,circular
365,1100,700,337.5141970537009,-85,-85,-85,-85,1350,700,285.2257422004889,16.622464967704225,circular
366,1100,700,337.5141970537009,-85,-85,-85,-85,1350,700,301.84820716819314,16.622464967704225,circular
367,1100,700,337.5141970537009,-85,-85,-85,-85,1350,700,318.47067213589736,16.622464967704225,circular
368,1100,700,337.5141970537009,-85,-85,-85,-85,1350,700,335.0931371036016,16.622464967704225,circular
369,1100,700,337.5141970537009,-85,-85,-85,-85,1350,700,351.7156020713058,16.622464967704225,circular
370,1100,700,337.5141970537009,-85,-85,-85,-85,1350,700,8.338067039010014,16.622464967704225,circular
371,1100,700,337.5141970537009,-85,-85,-85,-85,1350,700,24.96053200671424,16.622464967704225,circular
372,1100,700,337.5141970537009,-85,-85,-85,-85,1350,700,41.582996974418464,16.622464967704225,circular
373,1100,700,337.5141970537009,-85,-85,-85,-85,1350,700,58.20546194212269,16.622464967704225,circular
374,1100,700,337.5141970537009,-85,-85,-85,-85,1350,700,74.82792690982691,16.622464967704225,circular
375,1100,700,337.5141970537009,-85,-85,-85,-85,1350,700,91.45039187753113,16.622464967704225,circular
376,1100,700,337.5141970537009,-85,-85,-85,-85,1350,700,108.07285684523535,16.622464967704225,circular
377,1100,700,337.5141970537009,-85,-85,-85,-85,1350,700,124.69532181293957,16.622464967704225,circular
378,1100,700,337.5141970537009,-85,-85,-85,-85,1350,700,141.3177867806438,16.622464967704225,circular
379,1100,700,337.5141970537009,20.48098321025059,-85,-85,18.47430475951294,1350,700,157.940251748348,16.622464967704225,circular
380,1100,700,337.5141970537009,24.78833704083229,-85,-85,24.33271141113945,1350,700,174.56271671605222,16.622464967704225,circular
381,1100,700,337.5141970537009,26.035130213615616,-85,-85,25.946643644493044,1350,700,191.18518168375644,16.622464967704225,circular
382,1100,700,337.5141970537009,25.684904084789977,-85,-85,25.859665714847075,1350,700,207.80764665146066,16.622464967704225,circular
383,1100,700,337.5141970537009,23.553218972269416,-85,-85,24.1582774269213,1350,700,224.43011161916488,16.622464967704225,circular
384,1100,700,337.5141970537009,-85,-85,-85,16.269948115724716,1350,700,241.0525765868691,16.622464967704225,circular
385,1100,700,337.5141970537009,-85,-85,-85,-85,1350,700,257.67504155457334,16.622464967704225,circular
386,1100,700,337.5141970537009,-85,-85,-85,-85,1350,700,274.29750652227756,16.622464967704225,circular
387,1100,700,337.5141970537009,-85,-85,-85,-85,1350,700,290.9199714899818,16.622464967704225,circular
388,1100,700,337.5141970537009,-85,-85,-85,-85,1350,700,307.542436457686,16.622464967704225,circular
389,1100,700,337.5141970537009,-85,-85,-85,-85,1350,700,324.1649014253902,16.622464967704225,circular
390,1100,700,337.5141970537009,-85,-85,-85,-85,1350,700,340.78736639309443,16.622464967704225,circular
391,1100,700,337.5141970537009,-85,-85,-85,-85,1350,700,357.40983136079865,16.622464967704225,circular
392,1100,700,337.5141970537009,-85,-85,-85,-85,1350,700,14.032296328502866,16.622464967704225,circular
393,1100,700,337.5141970537009,-85,-85,-85,-85,1350,700,30.65476129620709,16.622464967704225,circular
394,1100,700,337.5141970537009,-85,-85,-85,-85,1350,700,47.27722626391132,16.622464967704225,circular
395,1100,700,337.5141970537009,-85,-85,-85,-85,1350,700,63.89969123161554,16.622464967704225,circular
396,1100,700,337.5141970537009,-85,-85,-85,-85,1350,700,80.52215619931977,16.622464967704225,circular
397,1100,700,337.5141970537009,-85,-85,-85,-85,1350,700,97.14462116702398,16.622464967704225,circular
398,1100,700,337.5141970537009,-85,-85,-85,-85,1350,700,113.7670861347282,16.622464967704225,circular
399,1100,700,337.5141970537009,-85,-85,-85,-85,1350,700,130.38955110243242,16.622464967704225,circular
400,1100,700,337.5141970537009,-85,-85,-85,-85,1350,700,147.01201607013664,16.622464967704225,circular
401,1100,700,337.5141970537009,22.496022074683278,-85,-85,21.41811930585211,1350,700,163.63448103784086,16.622464967704225,circular
402,1100,700,337.5141970537009,25.452908776355446,-85,-85,25.157178905256924,1350,700,180.25694600554507,16.622464967704225,circular
403,1100,700,337.5141970537009,26.074956048612798,-85,-85,26.074956048612798,1350,700,196.8794109732493,16.622464967704225,circular
404,1100,700,337.5141970537009,25.263344594616918,-85,-85,25.536951728381826,1350,700,213.5018759409535,16.622464967704225,circular
405,1100,700,337.5141970537009,21.81335663023087,-85,-85,22.793695368992225,1350,700,230.12434090865773,16.622464967704225,circular
406,1100,700,337.5141970537009,-85,-85,-85,-85,1350,700,246.74680587636195,16.622464967704225,circular
407,1100,700,337.5141970537009,-85,-85,-85,-85,1350,700,263.3692708440662,16.622464967704225,circular
408,1100,700,337.5141970537009,-85,-85,-85,-85,1350,700,279.9917358117704,16.622464967704225,circular
409,1100,700,337.5141970537009,-85,-85,-85,-85,1350,700,296.61420077947463,16.622464967704225,circular
410,1100,700,337.5141970537009,-85,-85,-85,-85,1350,700,313.23666574717885,16.622464967704225,circular
411,1100,700,337.5141970537009,-85,-85,-85,-85,1350,700,329.85913071488307,16.622464967704225,circular
412,1100,700,337.5141970537009,-85,-85,-85,-85,1350,700,346.4815956825873,16.622464967704225,circular
413,1100,700,337.5141970537009,-85,-85,-85,-85,1350,700,3.104060650291501,16.622464967704225,circular
414,1100,700,337.5141970537009,-85,-85,-85,-85,1350,700,19.726525617995726,16.622464967704225,circular
415,1100,700,337.5141970537009,-85,-85,-85,-85,1350,700,36.34899058569995,16.622464967704225,circular
416,1100,700,337.5141970537009,-85,-85,-85,-85,1350,700,52.971455553404176,16.622464967704225,circular
417,1100,700,337.5141970537009,-85,-85,-85,-85,1350,700,69.5939205211084,16.622464967704225,circular
418,1100,700,337.5141970537009,-85,-85,-85,-85,1350,700,86.21638548881262,16.622464967704225,circular
419,1100,700,337.5141970537009,-85,-85,-85,-85,1350,700,102.83885045651684,16.622464967704225,circular
420,1100,700,337.5141970537009,-85,-85,-85,-85,1350,700,119.46131542422106,16.622464967704225,circular
421,1100,700,337.5141970537009,-85,-85,-85,-85,1350,700,136.08378039192527,16.622464967704225,circular
422,1100,700,337.5141970537009,14.513447644213304,-85,-85,-85,1350,700,152.7062453596295,16.622464967704225,circular
423,1100,700,337.5141970537009,23.971022246457757,-85,-85,23.31969953712386,1350,700,169.3287103273337,16.622464967704225,circular
424,1100,700,337.5141970537009,25.859665714847075,-85,-85,25.684904084789974,1350,700,185.95117529503793,16.622464967704225,circular
425,1100,700,337.5141970537009,25.9816463993744,-85,-85,26.053745949214605,1350,700,202.57364026274215,16.622464967704225,circular
426,1100,700,337.5141970537009,24.495315191602927,-85,-85,24.92014212493214,1350,700,219.19610523044636,16.622464967704225,circular
427,1100,700,337.5141970537009,18.474304759512954,-85,-85,20.48098321025059,1350,700,235.81857019815058,16.622464967704225,circular
428,1100,700,337.5141970537009,-85,-85,-85,-85,1350,700,252.4410351658548,16.622464967704225,circular
429,1100,700,337.5141970537009,-85,-85,-85,-85,1350,700,269.06350013355905,16.622464967704225,circular
430,1100,700,337.5141970537009,-85,-85,-85,-85,1350,700,285.68596510126326,16.622464967704225,circular
431,1100,700,337.5141970537009,-85,-85,-85,-85,1350,700,302.3084300689675,16.622464967704225,circular
432,1100,700,337.5141970537009,-85,-85,-85,-85,1350,700,318.9308950366717,16.622464967704225,circular
433,1100,700,337.5141970537009,-85,-85,-85,-85,1350,700,335.5533600043759,16.622464967704225,circular
434,1100,700,337.5141970537009,-85,-85,-85,-85,1350,700,352.17582497208014,16.622464967704225,circular
435,1100,700,337.5141970537009,-85,-85,-85,-85,1350,700,8.798289939784354,16.622464967704225,circular
436,1100,700,337.5141970537009,-85,-85,-85,-85,1350,700,25.42075490748858,16.622464967704225,circular
437,1100,700,337.5141970537009,-85,-85,-85,-85,1350,700,42.043219875192804,16.622464967704225,circular
438,1100,700,337.5141970537009,-85,-85,-85,-85,1350,700,58.66568484289703,16.622464967704225,circular
439,1100,700,337.5141970537009,-85,-85,-85,-85,1350,700,75.28814981060125,16.622464967704225,circular
440,1100,700,337.5141970537009,-85,-85,-85,-85,1350,700,91.91061477830547,16.622464967704225,circular
441,1100,700,337.5141970537009,-85,-85,-85,-85,1350,700,108.53307974600969,16.622464967704225,circular
442,1100,700,337.5141970537009,-85,-85,-85,-85,1350,700,125.15554471371391,16.622464967704225,circular
443,1100,700,337.5141970537009,-85,-85,-85,-85,1350,700,141.77800968141813,16.622464967704225,circular
444,1100,700,337.5141970537009,20.48098321025059,-85,-85,18.47430475951294,1350,700,158.40047464912234,16.622464967704225,circular
445,1100,700,337.5141970537009,24.92014212493214,-85,-85,24.495315191602927,1350,700,175.02293961682656,16.622464967704225,circular
446,1100,700,337.5141970537009,26.035130213615616,-85,-85,25.946643644493044,1350,700,191.64540458453078,16.622464967704225,circular
447,1100,700,337.5141970537009,25.684904084789977,-85,-85,25.859665714847075,1350,700,208.267869552235,16.622464967704225,circular
448,1100,700,337.5141970537009,23.319699537123853,-85,-85,23.97102224645776,1350,700,224.89033451993922,16.622464967704225,circular
449,1100,700,337.5141970537009,-85,-85,-85,16.269948115724716,1350,700,241.51279948764343,16.622464967704225,circular
450,1100,700,337.5141970537009,-85,-85,-85,-85,1350,700,258.1352644553477,16.622464967704225,circular
451,1100,700,337.5141970537009,-85,-85,-85,-85,1350,700,274.7577294230519,16.622464967704225,circular
452,1100,700,337.5141970537009,-85,-85,-85,-85,1350,700,291.3801943907561,16.622464967704225,circular
453,1100,700,337.5141970537009,-85,-85,-85,-85,1350,700,308.00265935846033,16.622464967704225,circular
454,1100,700,337.5141970537009,-85,-85,-85,-85,1350,700,324.62512432616455,16.622464967704225,circular
455,1100,700,337.5141970537009,-85,-85,-85,-85,1350,700,341.24758929386877,16.622464967704225,circular
456,1100,700,337.5141970537009,-85,-85,-85,-85,1350,700,357.870054261573,16.622464967704225,circular
457,1100,700,337.5141970537009,-85,-85,-85,-85,1350,700,14.492519229277207,16.622464967704225,circular
458,1100,700,337.5141970537009,-85,-85,-85,-85,1350,700,31.114984196981432,16.622464967704225,circular
459,1100,700,337.5141970537009,-85,-85,-85,-85,1350,700,47.73744916468566,16.622464967704225,circular
460,1100,700,337.5141970537009,-85,-85,-85,-85,1350,700,64.35991413238989,16.622464967704225,circular
461,1100,700,337.5141970537009,-85,-85,-85,-85,1350,700,80.98237910009411,16.622464967704225,circular
462,1100,700,337.5141970537009,-85,-85,-85,-85,1350,700,97.60484406779833,16.622464967704225,circular
463,1100,700,337.5141970537009,-85,-85,-85,-85,1350,700,114.22730903550254,16.622464967704225,circular
464,1100,700,337.5141970537009,-85,-85,-85,-85,1350,700,130.84977400320676,16.622464967704225,circular
465,1100,700,337.5141970537009,-85,-85,-85,-85,1350,700,147.47223897091098,16.622464967704225,circular
466,1100,700,337.5141970537009,22.793695368992218,-85,-85,21.813356630230874,1350,700,164.0947039386152,16.622464967704225,circular
467,1100,700,337.5141970537009,25.536951728381826,-85,-85,25.157178905256924,1350,700,180.71716890631942,16.622464967704225,circular
468,1100,700,337.5141970537009,26.074956048612798,-85,-85,26.074956048612798,1350,700,197.33963387402363,16.622464967704225,circular
469,1100,700,337.5141970537009,25.157178905256924,-85,-85,25.452908776355446,1350,700,213.96209884172785,16.622464967704225,circular
470,1100,700,337.5141970537009,21.81335663023087,-85,-85,22.793695368992225,1350,700,230.58456380943207,16.622464967704225,circular
471,1100,700,337.5141970537009,-85,-85,-85,-85,1350,700,247.2070287771363,16.622464967704225,circular
472,1100,700,337.5141970537009,-85,-85,-85,-85,1350,700,263.82949374484053,16.622464967704225,circular
473,1100,700,337.5141970537009,-85,-85,-85,-85,1350,700,280.45195871254475,16.622464967704225,circular
474,1100,700,337.5141970537009,-85,-85,-85,-85,1350,700,297.07442368024897,16.622464967704225,circular
475,1100,700,337.5141970537009,-85,-85,-85,-85,1350,700,313.6968886479532,16.622464967704225,circular
476,1100,700,337.5141970537009,-85,-85,-85,-85,1350,700,330.3193536156574,16.622464967704225,circular
477,1100,700,337.5141970537009,-85,-85,-85,-85,1350,700,346.9418185833616,16.622464967704225,circular
478,1100,700,337.5141970537009,-85,-85,-85,-85,1350,700,3.5642835510658415,16.622464967704225,circular
479,1100,700,337.5141970537009,-85,-85,-85,-85,1350,700,20.186748518770067,16.622464967704225,circular
480,1100,700,337.5141970537009,-85,-85,-85,-85,1350,700,36.80921348647429,16.622464967704225,circular
481,1100,700,337.5141970537009,-85,-85,-85,-85,1350,700,53.43167845417852,16.622464967704225,circular
482,1100,700,337.5141970537009,-85,-85,-85,-85,1350,700,70.05414342188274,16.622464967704225,circular
483,1100,700,337.5141970537009,-85,-85,-85,-85,1350,700,86.67660838958696,16.622464967704225,circular
484,1100,700,337.5141970537009,-85,-85,-85,-85,1350,700,103.29907335729118,16.622464967704225,circular
485,1100,700,337.5141970537009,-85,-85,-85,-85,1350,700,119.9215383249954,16.622464967704225,circular
486,1100,700,337.5141970537009,-85,-85,-85,-85,1350,700,136.5440032926996,16.622464967704225,circular
487,1100,700,337.5141970537009,16.269948115724727,-85,-85,-85,1350,700,153.16646826040383,16.622464967704225,circular
488,1100,700,337.5141970537009,24.1582774269213,-85,-85,23.553218972269416,1350,700,169.78893322810805,16.622464967704225,circular
489,1100,700,337.5141970537009,25.859665714847075,-85,-85,25.684904084789974,1350,700,186.41139819581227,16.622464967704225,circular
490,1100,700,337.5141970537009,25.946643644493044,-85,-85,26.035130213615616,1350,700,203.0338631635165,16.622464967704225,circular
491,1100,700,337.5141970537009,24.495315191602927,-85,-85,24.92014212493214,1350,700,219.6563281312207,16.622464967704225,circular
492,1100,700,337.5141970537009,18.474304759512954,-85,-85,20.48098321025059,1350,700,236.27879309892492,16.622464967704225,circular
493,1100,700,337.5141970537009,-85,-85,-85,-85,1350,700,252.90125806662914,16.622464967704225,circular
494,1100,700,337.5141970537009,-85,-85,-85,-85,1350,700,269.5237230343334,16.622464967704225,circular
495,1100,700,337.5141970537009,-85,-85,-85,-85,1350,700,286.1461880020376,16.622464967704225,circular
496,1100,700,337.5141970537009,-85,-85,-85,-85,1350,700,302.7686529697418,16.622464967704225,circular
497,1100,700,337.5141970537009,-85,-85,-85,-85,1350,700,319.39111793744604,16.622464967704225,circular
498,1100,700,337.5141970537009,-85,-85,-85,-85,1350,700,336.01358290515026,16.622464967704225,circular
499,1100,700,337.5141970537009,-85,-85,-85,-85,1350,700,352.6360478728545,16.622464967704225,circular
500,1100,700,337.5141970537009,-85,-85,-85,-85,1350,700,9.258512840558694,16.622464967704225,circular
501,1100,700,337.5141970537009,-85,-85,-85,-85,1350,700,25.88097780826292,16.622464967704225,circular
502,1100,700,337.5141970537009,-85,-85,-85,-85,1350,700,42.503442775967144,16.622464967704225,circular
503,1100,700,337.5141970537009,-85,-85,-85,-85,1350,700,59.12590774367137,16.622464967704225,circular
504,1100,700,337.5141970537009,-85,-85,-85,-85,1350,700,75.7483727113756,16.622464967704225,circular
505,1100,700,337.5141970537009,-85,-85,-85,-85,1350,700,92.37083767907981,16.622464967704225,circular
506,1100,700,337.5141970537009,-85,-85,-85,-85,1350,700,108.99330264678403,16.622464967704225,circular
507,1100,700,337.5141970537009,-85,-85,-85,-85,1350,700,125.61576761448825,16.622464967704225,circular
508,1100,700,337.5141970537009,-85,-85,-85,-85,1350,700,142.23823258219247,16.622464967704225,circular
509,1100,700,337.5141970537009,20.97742610025734,-85,-85,19.25639156218217,1350,700,158.86069754989668,16.622464967704225,circular
510,1100,700,337.5141970537009,24.92014212493214,-85,-85,24.495315191602927,1350,700,175.4831625176009,16.622464967704225,circular
511,1100,700,337.5141970537009,26.053745949214605,-85,-85,25.9816463993744,1350,700,192.10562748530512,16.622464967704225,circular
512,1100,700,337.5141970537009,25.614204328866276,-85,-85,25.859665714847075,1350,700,208.72809245300934,16.622464967704225,circular
513,1100,700,337.5141970537009,23.319699537123853,-85,-85,23.97102224645776,1350,700,225.35055742071356,16.622464967704225,circular
514,1100,700,337.5141970537009,-85,-85,-85,14.513447644213265,1350,700,241.97302238841777,16.622464967704225,circular
515,1100,700,337.5141970537009,-85,-85,-85,-85,1350,700,258.595487356122,16.622464967704225,circular
516,1100,700,337.5141970537009,-85,-85,-85,-85,1350,700,275.21795232382624,16.622464967704225,circular
517,1100,700,337.5141970537009,-85,-85,-85,-85,1350,700,291.84041729153046,16.622464967704225,circular
518,1100,700,337.5141970537009,-85,-85,-85,-85,1350,700,308.4628822592347,16.622464967704225,circular
519,1100,700,337.5141970537009,-85,-85,-85,-85,1350,700,325.0853472269389,16.622464967704225,circular
520,1100,700,337.5141970537009,-85,-85,-85,-85,1350,700,341.7078121946431,16.622464967704225,circular
521,1100,700,337.5141970537009,-85,-85,-85,-85,1350,700,358.33027716234733,16.622464967704225,circular
522,1100,700,337.5141970537009,-85,-85,-85,-85,1350,700,14.952742130051547,16.622464967704225,circular
523,1100,700,337.5141970537009,-85,-85,-85,-85,1350,700,31.575207097755772,16.622464967704225,circular
524,1100,700,337.5141970537009,-85,-85,-85,-85,1350,700,48.19767206546,16.622464967704225,circular
525,1100,700,337.5141970537009,-85,-85,-85,-85,1350,700,64.82013703316423,16.622464967704225,circular
526,1100,700,337.5141970537009,-85,-85,-85,-85,1350,700,81.44260200086845,16.622464967704225,circular
527,1100,700,337.5141970537009,-85,-85,-85,-85,1350,700,98.06506696857267,16.622464967704225,circular
528,1100,700,337.5141970537009,-85,-85,-85,-85,1350,700,114.68753193627688,16.622464967704225,circular
529,1100,700,337.5141970537009,-85,-85,-85,-85,1350,700,131.3099969039811,16.622464967704225,circular
530,1100,700,337.5141970537009,-85,-85,-85,-85,1350,700,147.93246187168532,16.622464967704225,circular
531,1100,700,337.5141970537009,22.793695368992218,-85,-85,21.813356630230874,1350,700,164.55492683938954,16.622464967704225,circular
532,1100,700,337.5141970537009,25.536951728381826,-85,-85,25.26334459461691,1350,700,181.17739180709376,16.622464967704225,circular
533,1100,700,337.5141970537009,26.067010357935978,-85,-85,26.077602459396946,1350,700,197.79985677479797,16.622464967704225,circular
534,1100,700,337.5141970537009,25.157178905256924,-85,-85,25.452908776355446,1350,700,214.4223217425022,16.622464967704225,circular
535,1100,700,337.5141970537009,21.418119305852123,-85,-85,22.496022074683278,1350,700,231.0447867102064,16.622464967704225,circular
536,1100,700,337.5141970537009,-85,-85,-85,-85,1350,700,247.66725167791063,16.622464967704225,circular
537,1100,700,337.5141970537009,-85,-85,-85,-85,1350,700,264.2897166456149,16.622464967704225,circular
538,1100,700,337.5141970537009,-85,-85,-85,-85,1350,700,280.9121816133191,16.622464967704225,circular
539,1100,700,337.5141970537009,-85,-85,-85,-85,1350,700,297.5346465810233,16.622464967704225,circular
540,1100,700,337.5141970537009,-85,-85,-85,-85,1350,700,314.1571115487275,16.622464967704225,circular
541,1100,700,337.5141970537009,-85,-85,-85,-85,1350,700,330.77957651643175,16.622464967704225,circular
542,1100,700,337.5141970537009,-85,-85,-85,-85,1350,700,347.40204148413596,16.622464967704225,circular
543,1100,700,337.5141970537009,-85,-85,-85,-85,1350,700,4.024506451840182,16.622464967704225,circular
544,1100,700,337.5141970537009,-85,-85,-85,-85,1350,700,20.646971419544407,16.622464967704225,circular
545,1100,700,337.5141970537009,-85,-85,-85,-85,1350,700,37.26943638724863,16.622464967704225,circular
546,1100,700,337.5141970537009,-85,-85,-85,-85,1350,700,53.89190135495286,16.622464967704225,circular
547,1100,700,337.5141970537009,-85,-85,-85,-85,1350,700,70.51436632265708,16.622464967704225,circular
548,1100,700,337.5141970537009,-85,-85,-85,-85,1350,700,87.1368312903613,16.622464967704225,circular
549,1100,700,337.5141970537009,-85,-85,-85,-85,1350,700,103.75929625806552,16.622464967704225,circular
550,1100,700,337.5141970537009,-85,-85,-85,-85,1350,700,120.38176122576974,16.622464967704225,circular
551,1100,700,337.5141970537009,-85,-85,-85,-85,1350,700,137.00422619347395,16.622464967704225,circular
552,1100,700,337.5141970537009,16.269948115724727,-85,-85,-85,1350,700,153.62669116117817,16.622464967704225,circular
553,1100,700,337.5141970537009,24.1582774269213,-85,-85,23.553218972269416,1350,700,170.2491561288824,16.622464967704225,circular
554,1100,700,337.5141970537009,25.906018829630398,-85,-85,25.7492610641292,1350,700,186.8716210965866,16.622464967704225,circular
555,1100,700,337.5141970537009,25.946643644493044,-85,-85,26.035130213615616,1350,700,203.49408606429083,16.622464967704225,circular
556,1100,700,337.5141970537009,24.332711411139446,-85,-85,24.788337040832293,1350,700,220.11655103199504,16.622464967704225,circular
557,1100,700,337.5141970537009,17.51315549939211,-85,-85,20.48098321025059,1350,700,236.73901599969926,16.622464967704225,circular
558,1100,700,337.5141970537009,-85,-85,-85,-85,1350,700,253.36148096740348,16.622464967704225,circular
559,1100,700,337.5141970537009,-85,-85,-85,-85,1350,700,269.9839459351077,16.622464967704225,circular
560,1100,700,337.5141970537009,-85,-85,-85,-85,1350,700,286.60641090281194,16.622464967704225,circular
561,1100,700,337.5141970537009,-85,-85,-85,-85,1350,700,303.22887587051616,16.622464967704225,circular
562,1100,700,337.5141970537009,-85,-85,-85,-85,1350,700,319.8513408382204,16.622464967704225,circular
563,1100,700,337.5141970537009,-85,-85,-85,-85,1350,700,336.4738058059246,16.622464967704225,circular
564,1100,700,337.5141970537009,-85,-85,-85,-85,1350,700,353.0962707736288,16.622464967704225,circular
565,1100,700,337.5141970537009,-85,-85,-85,-85,1350,700,9.718735741333035,16.622464967704225,circular
566,1100,700,337.5141970537009,-85,-85,-85,-85,1350,700,26.34120070903726,16.622464967704225,circular
567,1100,700,337.5141970537009,-85,-85,-85,-85,1350,700,42.963665676741485,16.622464967704225,circular
568,1100,700,337.5141970537009,-85,-85,-85,-85,1350,700,59.58613064444571,16.622464967704225,circular
569,1100,700,337.5141970537009,-85,-85,-85,-85,1350,700,76.20859561214994,16.622464967704225,circular
570,1100,700,337.5141970537009,-85,-85,-85,-85,1350,700,92.83106057985415,16.622464967704225,circular
571,1100,700,337.5141970537009,-85,-85,-85,-85,1350,700,109.45352554755837,16.622464967704225,circular
572,1100,700,337.5141970537009,-85,-85,-85,-85,1350,700,126.07599051526259,16.622464967704225,circular
573,1100,700,337.5141970537009,-85,-85,-85,-85,1350,700,142.6984554829668,16.622464967704225,circular
574,1100,700,337.5141970537009,20.97742610025734,-85,-85,19.25639156218217,1350,700,159.32092045067103,16.622464967704225,circular
575,1100,700,337.5141970537009,25.042923900792417,-85,-85,24.646943359767004,1350,700,175.94338541837524,16.622464967704225,circular
576,1100,700,337.5141970537009,26.053745949214605,-85,-85,25.9816463993744,1350,700,192.56585038607946,16.622464967704225,circular
577,1100,700,337.5141970537009,25.614204328866276,-85,-85,25.807460623826316,1350,700,209.18831535378368,16.622464967704225,circular
578,1100,700,337.5141970537009,23.067302502757133,-85,-85,23.769789312347285,1350,700,225.8107803214879,16.622464967704225,circular
579,1100,700,337.5141970537009,-85,-85,-85,14.513447644213265,1350,700,242.43324528919212,16.622464967704225,circular
580,1100,700,337.5141970537009,-85,-85,-85,-85,1350,700,259.05571025689636,16.622464967704225,circular
581,1100,700,337.5141970537009,-85,-85,-85,-85,1350,700,275.6781752246006,16.622464967704225,circular
582,1100,700,337.5141970537009,-85,-85,-85,-85,1350,700,292.3006401923048,16.622464967704225,circular
583,1100,700,337.5141970537009,-85,-85,-85,-85,1350,700,308.923105160009,16.622464967704225,circular
584,1100,700,337.5141970537009,-85,-85,-85,-85,1350,700,325.54557012771323,16.622464967704225,circular
585,1100,700,337.5141970537009,-85,-85,-85,-85,1350,700,342.16803509541745,16.622464967704225,circular
586,1100,700,337.5141970537009,-85,-85,-85,-85,1350,700,358.79050006312167,16.622464967704225,circular
587,1100,700,337.5141970537009,-85,-85,-85,-85,1350,700,15.412965030825887,16.622464967704225,circular
588,1100,700,337.5141970537009,-85,-85,-85,-85,1350,700,32.03542999853011,16.622464967704225,circular
589,1100,700,337.5141970537009,-85,-85,-85,-85,1350,700,48.65789496623434,16.622464967704225,circular
590,1100,700,337.5141970537009,-85,-85,-85,-85,1350,700,65.28035993393857,16.622464967704225,circular
591,1100,700,337.5141970537009,-85,-85,-85,-85,1350,700,81.90282490164279,16.622464967704225,circular
592,1100,700,337.5141970537009,-85,-85,-85,-85,1350,700,98.525289869347,16.622464967704225,circular
593,1100,700,337.5141970537009,-85,-85,-85,-85,1350,700,115.14775483705122,16.622464967704225,circular
594,1100,700,337.5141970537009,-85,-85,-85,-85,1350,700,131.77021980475544,16.622464967704225,circular
595,1100,700,337.5141970537009,-85,-85,-85,-85,1350,700,148.39268477245966,16.622464967704225,circular
596,1100,700,337.5141970537009,23.06730250275713,-85,-85,22.170735458799452,1350,700,165.01514974016388,16.622464967704225,circular
597,1100,700,337.5141970537009,25.536951728381826,-85,-85,25.26334459461691,1350,700,181.6376147078681,16.622464967704225,circular
598,1100,700,337.5141970537009,26.067010357935978,-85,-85,26.077602459396946,1350,700,198.2600796755723,16.622464967704225,circular
599,1100,700,337.5141970537009,25.042923900792417,-85,-85,25.361807294499556,1350,700,214.88254464327653,16.622464967704225,circular
600,1100,700,337.5141970537009,21.418119305852123,-85,-85,22.496022074683278,1350,700,231.50500961098075,16.622464967704225,circular
601,1100,700,337.5141970537009,-85,-85,-85,-85,1350,700,248.12747457868497,16.622464967704225,circular
602,1100,700,337.5141970537009,-85,-85,-85,-85,1350,700,264.7499395463892,16.622464967704225,circular
603,1100,700,337.5141970537009,-85,-85,-85,-85,1350,700,281.37240451409343,16.622464967704225,circular
604,1100,700,337.5141970537009,-85,-85,-85,-85,1350,700,297.99486948179765,16.622464967704225,circular
605,1100,700,337.5141970537009,-85,-85,-85,-85,1350,700,314.61733444950187,16.622464967704225,circular
606,1100,700,337.5141970537009,-85,-85,-85,-85,1350,700,331.2397994172061,16.622464967704225,circular
607,1100,700,337.5141970537009,-85,-85,-85,-85,1350,700,347.8622643849103,16.622464967704225,circular
608,1100,700,337.5141970537009,-85,-85,-85,-85,1350,700,4.484729352614522,16.622464967704225,circular
609,1100,700,337.5141970537009,-85,-85,-85,-85,1350,700,21.107194320318747,16.622464967704225,circular
610,1100,700,337.5141970537009,-85,-85,-85,-85,1350,700,37.72965928802297,16.622464967704225,circular
611,1100,700,337.5141970537009,-85,-85,-85,-85,1350,700,54.3521242557272,16.622464967704225,circular
612,1100,700,337.5141970537009,-85,-85,-85,-85,1350,700,70.97458922343142,16.622464967704225,circular
613,1100,700,337.5141970537009,-85,-85,-85,-85,1350,700,87.59705419113564,16.622464967704225,circular
614,1100,700,337.5141970537009,-85,-85,-85,-85,1350,700,104.21951915883986,16.622464967704225,circular
615,1100,700,337.5141970537009,-85,-85,-85,-85,1350,700,120.84198412654408,16.622464967704225,circular
616,1100,700,337.5141970537009,-85,-85,-85,-85,1350,700,137.4644490942483,16.622464967704225,circular
617,1100,700,337.5141970537009,17.513155499392102,-85,-85,11.505794098357505,1350,700,154.0869140619525,16.622464967704225,circular
618,1100,700,337.5141970537009,24.1582774269213,-85,-85,23.553218972269416,1350,700,170.70937902965673,16.622464967704225,circular
619,1100,700,337.5141970537009,25.906018829630398,-85,-85,25.7492610641292,1350,700,187.33184399736095,16.622464967704225,circular
620,1100,700,337.5141970537009,25.906018829630398,-85,-85,26.011117049096303,1350,700,203.95430896506517,16.622464967704225,circular
621,1100,700,337.5141970537009,24.332711411139446,-85,-85,24.788337040832293,1350,700,220.57677393276938,16.622464967704225,circular
622,1100,700,337.5141970537009,17.51315549939211,-85,-85,19.914354227256315,1350,700,237.1992389004736,16.622464967704225,circular
623,1100,700,337.5141970537009,-85,-85,-85,-85,1350,700,253.82170386817782,16.622464967704225,circular
624,1100,700,337.5141970537009,-85,-85,-85,-85,1350,700,270.44416883588207,16.622464967704225,circular
625,1100,700,337.5141970537009,-85,-85,-85,-85,1350,700,287.0666338035863,16.622464967704225,circular
626,1100,700,337.5141970537009,-85,-85,-85,-85,1350,700,303.6890987712905,16.622464967704225,circular
627,1100,700,337.5141970537009,-85,-85,-85,-85,1350,700,320.3115637389947,16.622464967704225,circular
628,1100,700,337.5141970537009,-85,-85,-85,-85,1350,700,336.93402870669894,16.622464967704225,circular
629,1100,700,337.5141970537009,-85,-85,-85,-85,1350,700,353.55649367440316,16.622464967704225,circular
630,1100,700,337.5141970537009,-85,-85,-85,-85,1350,700,10.178958642107375,16.622464967704225,circular
631,1100,700,337.5141970537009,-85,-85,-85,-85,1350,700,26.8014236098116,16.622464967704225,circular
632,1100,700,337.5141970537009,-85,-85,-85,-85,1350,700,43.423888577515825,16.622464967704225,circular
633,1100,700,337.5141970537009,-85,-85,-85,-85,1350,700,60.04635354522005,16.622464967704225,circular
634,1100,700,337.5141970537009,-85,-85,-85,-85,1350,700,76.66881851292428,16.622464967704225,circular
635,1100,700,337.5141970537009,-85,-85,-85,-85,1350,700,93.2912834806285,16.622464967704225,circular
636,1100,700,337.5141970537009,-85,-85,-85,-85,1350,700,109.91374844833271,16.622464967704225,circular
637,1100,700,337.5141970537009,-85,-85,-85,-85,1350,700,126.53621341603693,16.622464967704225,circular
638,1100,700,337.5141970537009,-85,-85,-85,-85,1350,700,143.15867838374115,16.622464967704225,circular
639,1100,700,337.5141970537009,21.41811930585211,-85,-85,19.91435422725632,1350,700,159.78114335144537,16.622464967704225,circular
640,1100,700,337.5141970537009,25.042923900792417,-85,-85,24.646943359767004,1350,700,176.40360831914958,16.622464967704225,circular
641,1100,700,337.5141970537009,26.067010357935978,-85,-85,26.011117049096303,1350,700,193.0260732868538,16.622464967704225,circular
642,1100,700,337.5141970537009,25.614204328866276,-85,-85,25.807460623826316,1350,700,209.64853825455802,16.622464967704225,circular
643,1100,700,337.5141970537009,23.067302502757133,-85,-85,23.769789312347285,1350,700,226.27100322226224,16.622464967704225,circular
644,1100,700,337.5141970537009,-85,-85,-85,11.50579409835762,1350,700,242.89346818996646,16.622464967704225,circular
645,1100,700,337.5141970537009,-85,-85,-85,-85,1350,700,259.5159331576707,16.622464967704225,circular
646,1100,700,337.5141970537009,-85,-85,-85,-85,1350,700,276.1383981253749,16.622464967704225,circular
647,1100,700,337.5141970537009,-85,-85,-85,-85,1350,700,292.76086309307914,16.622464967704225,circular
648,1100,700,337.5141970537009,-85,-85,-85,-85,1350,700,309.38332806078336,16.622464967704225,circular
649,1100,700,337.5141970537009,-85,-85,-85,-85,1350,700,326.0057930284876,16.622464967704225,circular
650,1100,700,337.5141970537009,-85,-85,-85,-85,1350,700,342.6282579961918,16.622464967704225,circular
651,1100,700,337.5141970537009,-85,-85,-85,-85,1350,700,359.250722963896,16.622464967704225,circular
652,1100,700,337.5141970537009,-85,-85,-85,-85,1350,700,15.873187931600228,16.622464967704225,circular
653,1100,700,337.5141970537009,-85,-85,-85,-85,1350,700,32.49565289930445,16.622464967704225,circular
654,1100,700,337.5141970537009,-85,-85,-85,-85,1350,700,49.11811786700868,16.622464967704225,circular
655,1100,700,337.5141970537009,-85,-85,-85,-85,1350,700,65.74058283471291,16.622464967704225,circular
656,1100,700,337.5141970537009,-85,-85,-85,-85,1350,700,82.36304780241713,16.622464967704225,circular
657,1100,700,337.5141970537009,-85,-85,-85,-85,1350,700,98.98551277012135,16.622464967704225,circular
658,1100,700,337.5141970537009,-85,-85,-85,-85,1350,700,115.60797773782556,16.622464967704225,circular
659,1100,700,337.5141970537009,-85,-85,-85,-85,1350,700,132.23044270552978,16.622464967704225,circular
660,1100,700,337.5141970537009,-85,-85,-85,-85,1350,700,148.852907673234,16.622464967704225,circular
661,1100,700,337.5141970537009,23.06730250275713,-85,-85,22.170735458799452,1350,700,165.47537264093822,16.622464967704225,circular
662,1100,700,337.5141970537009,25.614204328866276,-85,-85,25.36180729449956,1350,700,182.09783760864244,16.622464967704225,circular
663,1100,700,337.5141970537009,26.053745949214605,-85,-85,26.077602459396946,1350,700,198.72030257634665,16.622464967704225,circular
664,1100,700,337.5141970537009,25.042923900792417,-85,-85,25.361807294499556,1350,700,215.34276754405087,16.622464967704225,circular
665,1100,700,337.5141970537009,20.97742610025735,-85,-85,22.170735458799452,1350,700,231.9652325117551,16.622464967704225,circular
666,1100,700,337.5141970537009,-85,-85,-85,-85,1350,700,248.5876974794593,16.622464967704225,circular
667,1100,700,337.5141970537009,-85,-85,-85,-85,1350,700,265.21016244716355,16.622464967704225,circular
668,1100,700,337.5141970537009,-85,-85,-85,-85,1350,700,281.8326274148678,16.622464967704225,circular
669,1100,700,337.5141970537009,-85,-85,-85,-85,1350,700,298.455092382572,16.622464967704225,circular
670,1100,700,337.5141970537009,-85,-85,-85,-85,1350,700,315.0775573502762,16.622464967704225,circular
671,1100,700,337.5141970537009,-85,-85,-85,-85,1350,700,331.7000223179804,16.622464967704225,circular
672,1100,700,337.5141970537009,-85,-85,-85,-85,1350,700,348.32248728568464,16.622464967704225,circular
673,1100,700,337.5141970537009,-85,-85,-85,-85,1350,700,4.944952253388863,16.622464967704225,circular
674,1100,700,337.5141970537009,-85,-85,-85,-85,1350,700,21.567417221093088,16.622464967704225,circular
675,1100,700,337.5141970537009,-85,-85,-85,-85,1350,700,38.18988218879731,16.622464967704225,circular
676,1100,700,337.5141970537009,-85,-85,-85,-85,1350,700,54.81234715650154,16.622464967704225,circular
677,1100,700,337.5141970537009,-85,-85,-85,-85,1350,700,71.43481212420576,16.622464967704225,circular
678,1100,700,337.5141970537009,-85,-85,-85,-85,1350,700,88.05727709190998,16.622464967704225,circular
679,1100,700,337.5141970537009,-85,-85,-85,-85,1350,700,104.6797420596142,16.622464967704225,circular
680,1100,700,337.5141970537009,-85,-85,-85,-85,1350,700,121.30220702731842,16.622464967704225,circular
681,1100,700,337.5141970537009,-85,-85,-85,-85,1350,700,137.92467199502263,16.622464967704225,circular
682,1100,700,337.5141970537009,17.513155499392102,-85,-85,11.505794098357505,1350,700,154.54713696272685,16.622464967704225,circular
683,1100,700,337.5141970537009,24.33271141113945,-85,-85,23.769789312347285,1350,700,171.16960193043107,16.622464967704225,circular
684,1100,700,337.5141970537009,25.946643644493044,-85,-85,25.80746062382631,1350,700,187.7920668981353,16.622464967704225,circular
685,1100,700,337.5141970537009,25.906018829630398,-85,-85,26.011117049096303,1350,700,204.4145318658395,16.622464967704225,circular
686,1100,700,337.5141970537009,24.1582774269213,-85,-85,24.646943359767004,1350,700,221.03699683354372,16.622464967704225,circular
687,1100,700,337.5141970537009,17.51315549939211,-85,-85,19.914354227256315,1350,700,237.65946180124794,16.622464967704225,circular
688,1100,700,337.5141970537009,-85,-85,-85,-85,1350,700,254.28192676895216,16.622464967704225,circular
689,1100,700,337.5141970537009,-85,-85,-85,-85,1350,700,270.9043917366564,16.622464967704225,circular
690,1100,700,337.5141970537009,-85,-85,-85,-85,1350,700,287.5268567043606,16.622464967704225,circular
691,1100,700,337.5141970537009,-85,-85,-85,-85,1350,700,304.14932167206484,16.622464967704225,circular
692,1100,700,337.5141970537009,-85,-85,-85,-85,1350,700,320.77178663976906,16.622464967704225,circular
693,1100,700,337.5141970537009,-85,-85,-85,-85,1350,700,337.3942516074733,16.622464967704225,circular
694,1100,700,337.5141970537009,-85,-85,-85,-85,1350,700,354.0167165751775,16.622464967704225,circular
695,1100,700,337.5141970537009,-85,-85,-85,-85,1350,700,10.639181542881715,16.622464967704225,circular
696,1100,700,337.5141970537009,-85,-85,-85,-85,1350,700,27.26164651058594,16.622464967704225,circular
697,1100,700,337.5141970537009,-85,-85,-85,-85,1350,700,43.884111478290166,16.622464967704225,circular
698,1100,700,337.5141970537009,-85,-85,-85,-85,1350,700,60.50657644599439,16.622464967704225,circular
699,1100,700,337.5141970537009,-85,-85,-85,-85,1350,700,77.12904141369862,16.622464967704225,circular
700,1100,700,337.5141970537009,-85,-85,-85,-85,1350,700,93.75150638140283,16.622464967704225,circular
701,1100,700,337.5141970537009,-85,-85,-85,-85,1350,700,110.37397134910705,16.622464967704225,circular
702,1100,700,337.5141970537009,-85,-85,-85,-85,1350,700,126.99643631681127,16.622464967704225,circular
703,1100,700,337.5141970537009,-85,-85,-85,-85,1350,700,143.6189012845155,16.622464967704225,circular
704,1100,700,337.5141970537009,21.41811930585211,-85,-85,19.91435422725632,1350,700,160.2413662522197,16.622464967704225,circular
705,1100,700,337.5141970537009,25.157178905256924,-85,-85,24.78833704083229,1350,700,176.86383121992392,16.622464967704225,circular
706,1100,700,337.5141970537009,26.067010357935978,-85,-85,26.011117049096303,1350,700,193.48629618762814,16.622464967704225,circular
707,1100,700,337.5141970537009,25.536951728381826,-85,-85,25.7492610641292,1350,700,210.10876115533236,16.622464967704225,circular
708,1100,700,337.5141970537009,22.793695368992225,-85,-85,23.769789312347285,1350,700,226.73122612303658,16.622464967704225,circular
709,1100,700,337.5141970537009,-85,-85,-85,11.50579409835762,1350,700,243.3536910907408,16.622464967704225,circular
710,1100,700,337.5141970537009,-85,-85,-85,-85,1350,700,259.97615605844504,16.622464967704225,circular
711,1100,700,337.5141970537009,-85,-85,-85,-85,1350,700,276.59862102614926,16.622464967704225,circular
712,1100,700,337.5141970537009,-85,-85,-85,-85,1350,700,293.2210859938535,16.622464967704225,circular
713,1100,700,337.5141970537009,-85,-85,-85,-85,1350,700,309.8435509615577,16.622464967704225,circular
714,1100,700,337.5141970537009,-85,-85,-85,-85,1350,700,326.4660159292619,16.622464967704225,circular
715,1100,700,337.5141970537009,-85,-85,-85,-85,1350,700,343.08848089696613,16.622464967704225,circular
716,1100,700,337.5141970537009,-85,-85,-85,-85,1350,700,359.71094586467035,16.622464967704225,circular
717,1100,700,337.5141970537009,-85,-85,-85,-85,1350,700,16.333410832374568,16.622464967704225,circular
718,1100,700,337.5141970537009,-85,-85,-85,-85,1350,700,32.95587580007879,16.622464967704225,circular
719,1100,700,337.5141970537009,-85,-85,-85,-85,1350,700,49.57834076778302,16.622464967704225,circular
720,1100,700,337.5141970537009,-85,-85,-85,-85,1350,700,66.20080573548725,16.622464967704225,circular
721,1100,700,337.5141970537009,-85,-85,-85,-85,1350,700,82.82327070319147,16.622464967704225,circular
722,1100,700,337.5141970537009,-85,-85,-85,-85,1350,700,99.44573567089569,16.622464967704225,circular
723,1100,700,337.5141970537009,-85,-85,-85,-85,1350,700,116.0682006385999,16.622464967704225,circular
724,1100,700,337.5141970537009,-85,-85,-85,-85,1350,700,132.69066560630412,16.622464967704225,circular
725,1100,700,337.5141970537009,-85,-85,-85,-85,1350,700,149.31313057400834,16.622464967704225,circular
726,1100,700,337.5141970537009,23.31969953712386,-85,-85,22.496022074683278,1350,700,165.93559554171256,16.622464967704225,circular
727,1100,700,337.5141970537009,25.614204328866276,-85,-85,25.36180729449956,1350,700,182.55806050941678,16.622464967704225,circular
728,1100,700,337.5141970537009,26.053745949214605,-85,-85,26.077602459396946,1350,700,199.180525477121,16.622464967704225,circular
729,1100,700,337.5141970537009,24.92014212493214,-85,-85,25.263344594616918,1350,700,215.8029904448252,16.622464967704225,circular
730,1100,700,337.5141970537009,20.97742610025735,-85,-85,22.170735458799452,1350,700,232.42545541252943,16.622464967704225,circular
731,1100,700,337.5141970537009,-85,-85,-85,-85,1350,700,249.04792038023365,16.622464967704225,circular
732,1100,700,337.5141970537009,-85,-85,-85,-85,1350,700,265.6703853479379,16.622464967704225,circular
733,1100,700,337.5141970537009,-85,-85,-85,-85,1350,700,282.2928503156421,16.622464967704225,circular
734,1100,700,337.5141970537009,-85,-85,-85,-85,1350,700,298.91531528334633,16.622464967704225,circular
735,1100,700,337.5141970537009,-85,-85,-85,-85,1350,700,315.53778025105055,16.622464967704225,circular
736,1100,700,337.5141970537009,-85,-85,-85,-85,1350,700,332.16024521875477,16.622464967704225,circular
737,1100,700,337.5141970537009,-85,-85,-85,-85,1350,700,348.782710186459,16.622464967704225,circular
738,1100,700,337.5141970537009,-85,-85,-85,-85,1350,700,5.405175154163203,16.622464967704225,circular
739,1100,700,337.5141970537009,-85,-85,-85,-85,1350,700,22.027640121867428,16.622464967704225,circular
740,1100,700,337.5141970537009,-85,-85,-85,-85,1350,700,38.65010508957165,16.622464967704225,circular
741,1100,700,337.5141970537009,-85,-85,-85,-85,1350,700,55.27257005727588,16.622464967704225,circular
742,1100,700,337.5141970537009,-85,-85,-85,-85,1350,700,71.8950350249801,16.622464967704225,circular
743,1100,700,337.5141970537009,-85,-85,-85,-85,1350,700,88.51749999268432,16.622464967704225,circular
744,1100,700,337.5141970537009,-85,-85,-85,-85,1350,700,105.13996496038854,16.622464967704225,circular
745,1100,700,337.5141970537009,-85,-85,-85,-85,1350,700,121.76242992809276,16.622464967704225,circular
746,1100,700,337.5141970537009,-85,-85,-85,-85,1350,700,138.38489489579698,16.622464967704225,circular
747,1100,700,337.5141970537009,18.47430475951294,-85,-85,14.513447644213304,1350,700,155.0073598635012,16.622464967704225,circular
748,1100,700,337.5141970537009,24.33271141113945,-85,-85,23.769789312347285,1350,700,171.6298248312054,16.622464967704225,circular
749,1100,700,337.5141970537009,25.946643644493044,-85,-85,25.80746062382631,1350,700,188.25228979890963,16.622464967704225,circular
750,1100,700,337.5141970537009,25.859665714847075,-85,-85,25.9816463993744,1350,700,204.87475476661385,16.622464967704225,circular
751,1100,700,337.5141970537009,24.1582774269213,-85,-85,24.646943359767004,1350,700,221.49721973431807,16.622464967704225,circular
752,1100,700,337.5141970537009,16.269948115724716,-85,-85,19.25639156218219,1350,700,238.11968470202228,16.622464967704225,circular
753,1100,700,337.5141970537009,-85,-85,-85,-85,1350,700,254.7421496697265,16.622464967704225,circular
754,1100,700,337.5141970537009,-85,-85,-85,-85,1350,700,271.36461463743075,16.622464967704225,circular
755,1100,700,337.5141970537009,-85,-85,-85,-85,1350,700,287.98707960513497,16.622464967704225,circular
756,1100,700,337.5141970537009,-85,-85,-85,-85,1350,700,304.6095445728392,16.622464967704225,circular
757,1100,700,337.5141970537009,-85,-85,-85,-85,1350,700,321.2320095405434,16.622464967704225,circular
758,1100,700,337.5141970537009,-85,-85,-85,-85,1350,700,337.8544745082476,16.622464967704225,circular
759,1100,700,337.5141970537009,-85,-85,-85,-85,1350,700,354.47693947595184,16.622464967704225,circular
760,1100,700,337.5141970537009,-85,-85,-85,-85,1350,700,11.099404443656056,16.622464967704225,circular
761,1100,700,337.5141970537009,-85,-85,-85,-85,1350,700,27.72186941136028,16.622464967704225,circular
762,1100,700,337.5141970537009,-85,-85,-85,-85,1350,700,44.344334379064506,16.622464967704225,circular
763,1100,700,337.5141970537009,-85,-85,-85,-85,1350,700,60.96679934676873,16.622464967704225,circular
764,1100,700,337.5141970537009,-85,-85,-85,-85,1350,700,77.58926431447296,16.622464967704225,circular
765,1100,700,337.5141970537009,-85,-85,-85,-85,1350,700,94.21172928217717,16.622464967704225,circular
766,1100,700,337.5141970537009,-85,-85,-85,-85,1350,700,110.83419424988139,16.622464967704225,circular
767,1100,700,337.5141970537009,-85,-85,-85,-85,1350,700,127.45665921758561,16.622464967704225,circular
768,1100,700,337.5141970537009,-85,-85,-85,-85,1350,700,144.07912418528983,16.622464967704225,circular
769,1100,700,337.5141970537009,21.41811930585211,-85,-85,19.91435422725632,1350,700,160.70158915299405,16.622464967704225,circular
770,1100,700,337.5141970537009,25.157178905256924,-85,-85,24.78833704083229,1350,700,177.32405412069826,16.622464967704225,circular
771,1100,700,337.5141970537009,26.074956048612798,-85,-85,26.035130213615616,1350,700,193.94651908840248,16.622464967704225,circular
772,1100,700,337.5141970537009,25.536951728381826,-85,-85,25.7492610641292,1350,700,210.5689840561067,16.622464967704225,circular
773,1100,700,337.5141970537009,22.793695368992225,-85,-85,23.553218972269416,1350,700,227.19144902381092,16.622464967704225,circular
774,1100,700,337.5141970537009,-85,-85,-85,-85,1350,700,243.81391399151514,16.622464967704225,circular
775,1100,700,337.5141970537009,-85,-85,-85,-85,1350,700,260.4363789592194,16.622464967704225,circular
776,1100,700,337.5141970537009,-85,-85,-85,-85,1350,700,277.0588439269236,16.622464967704225,circular
777,1100,700,337.5141970537009,-85,-85,-85,-85,1350,700,293.6813088946278,16.622464967704225,circular
778,1100,700,337.5141970537009,-85,-85,-85,-85,1350,700,310.30377386233204,16.622464967704225,circular
779,1100,700,337.5141970537009,-85,-85,-85,-85,1350,700,326.92623883003625,16.622464967704225,circular
780,1100,700,337.5141970537009,-85,-85,-85,-85,1350,700,343.5487037977405,16.622464967704225,circular
781,1100,700,337.5141970537009,-85,-85,-85,-85,1350,700,0.1711687654446905,16.622464967704225,circular
782,1100,700,337.5141970537009,-85,-85,-85,-85,1350,700,16.793633733148916,16.622464967704225,circular
783,1100,700,337.5141970537009,-85,-85,-85,-85,1350,700,33.41609870085314,16.622464967704225,circular
784,1100,700,337.5141970537009,-85,-85,-85,-85,1350,700,50.038563668557366,16.622464967704225,circular
785,1100,700,337.5141970537009,-85,-85,-85,-85,1350,700,66.66102863626159,16.622464967704225,circular
786,1100,700,337.5141970537009,-85,-85,-85,-85,1350,700,83.28349360396581,16.622464967704225,circular
787,1100,700,337.5141970537009,-85,-85,-85,-85,1350,700,99.90595857167003,16.622464967704225,circular
788,1100,700,337.5141970537009,-85,-85,-85,-85,1350,700,116.52842353937424,16.622464967704225,circular
789,1100,700,337.5141970537009,-85,-85,-85,-85,1350,700,133.15088850707846,16.622464967704225,circular
790,1100,700,337.5141970537009,-85,-85,-85,-85,1350,700,149.77335347478268,16.622464967704225,circular
791,1100,700,337.5141970537009,23.31969953712386,-85,-85,22.496022074683278,1350,700,166.3958184424869,16.622464967704225,circular
792,1100,700,337.5141970537009,25.684904084789974,-85,-85,25.452908776355446,1350,700,183.01828341019112,16.622464967704225,circular
793,1100,700,337.5141970537009,26.053745949214605,-85,-85,26.077602459396946,1350,700,199.64074837789533,16.622464967704225,circular
794,1100,700,337.5141970537009,24.92014212493214,-85,-85,25.263344594616918,1350,700,216.26321334559955,16.622464967704225,circular
795,1100,700,337.5141970537009,20.48098321025059,-85,-85,21.81335663023087,1350,700,232.88567831330377,16.622464967704225,circular
796,1100,700,337.5141970537009,-85,-85,-85,-85,1350,700,249.508143281008,16.622464967704225,circular
797,1100,700,337.5141970537009,-85,-85,-85,-85,1350,700,266.13060824871224,16.622464967704225,circular
798,1100,700,337.5141970537009,-85,-85,-85,-85,1350,700,282.75307321641645,16.622464967704225,circular
799,1100,700,337.5141970537009,-85,-85,-85,-85,1350,700,299.37553818412067,16.622464967704225,circular
800,1100,700,337.5141970537009,-85,-85,-85,-85,1350,700,315.9980031518249,16.622464967704225,circular
801,1100,700,337.5141970537009,-85,-85,-85,-85,1350,700,332.6204681195291,16.622464967704225,circular
802,1100,700,337.5141970537009,-85,-85,-85,-85,1350,700,349.2429330872333,16.622464967704225,circular
803,1100,700,337.5141970537009,-85,-85,-85,-85,1350,700,5.865398054937543,16.622464967704225,circular
804,1100,700,337.5141970537009,-85,-85,-85,-85,1350,700,22.48786302264177,16.622464967704225,circular
805,1100,700,337.5141970537009,-85,-85,-85,-85,1350,700,39.11032799034599,16.622464967704225,circular
806,1100,700,337.5141970537009,-85,-85,-85,-85,1350,700,55.73279295805022,16.622464967704225,circular
807,1100,700,337.5141970537009,-85,-85,-85,-85,1350,700,72.35525792575444,16.622464967704225,circular
808,1100,700,337.5141970537009,-85,-85,-85,-85,1350,700,88.97772289345866,16.622464967704225,circular
809,1100,700,337.5141970537009,-85,-85,-85,-85,1350,700,105.60018786116288,16.622464967704225,circular
810,1100,700,337.5141970537009,-85,-85,-85,-85,1350,700,122.2226528288671,16.622464967704225,circular
811,1100,700,337.5141970537009,-85,-85,-85,-85,1350,700,138.84511779657132,16.622464967704225,circular
812,1100,700,337.5141970537009,18.47430475951294,-85,-85,14.513447644213304,1350,700,155.46758276427553,16.622464967704225,circular
813,1100,700,337.5141970537009,24.495315191602927,-85,-85,23.971022246457757,1350,700,172.09004773197975,16.622464967704225,circular
814,1100,700,337.5141970537009,25.9816463993744,-85,-85,25.80746062382631,1350,700,188.71251269968397,16.622464967704225,circular
815,1100,700,337.5141970537009,25.859665714847075,-85,-85,25.9816463993744,1350,700,205.3349776673882,16.622464967704225,circular
816,1100,700,337.5141970537009,23.97102224645776,-85,-85,24.495315191602927,1350,700,221.9574426350924,16.622464967704225,circular
817,1100,700,337.5141970537009,16.269948115724716,-85,-85,19.25639156218219,1350,700,238.57990760279662,16.622464967704225,circular
818,1100,700,337.5141970537009,-85,-85,-85,-85,1350,700,255.20237257050084,16.622464967704225,circular
819,1100,700,337.5141970537009,-85,-85,-85,-85,1350,700,271.8248375382051,16.622464967704225,circular
820,1100,700,337.5141970537009,-85,-85,-85,-85,1350,700,288.4473025059093,16.622464967704225,circular
821,1100,700,337.5141970537009,-85,-85,-85,-85,1350,700,305.0697674736135,16.622464967704225,circular
822,1100,700,337.5141970537009,-85,-85,-85,-85,1350,700,321.69223244131774,16.622464967704225,circular
823,1100,700,337.5141970537009,-85,-85,-85,-85,1350,700,338.31469740902196,16.622464967704225,circular
824,1100,700,337.5141970537009,-85,-85,-85,-85,1350,700,354.9371623767262,16.622464967704225,circular
825,1100,700,337.5141970537009,-85,-85,-85,-85,1350,700,11.559627344430396,16.622464967704225,circular
826,1100,700,337.5141970537009,-85,-85,-85,-85,1350,700,28.18209231213462,16.622464967704225,circular
827,1100,700,337.5141970537009,-85,-85,-85,-85,1350,700,44.804557279838846,16.622464967704225,circular
828,1100,700,337.5141970537009,-85,-85,-85,-85,1350,700,61.42702224754307,16.622464967704225,circular
829,1100,700,337.5141970537009,-85,-85,-85,-85,1350,700,78.0494872152473,16.622464967704225,circular
830,1100,700,337.5141970537009,-85,-85,-85,-85,1350,700,94.67195218295151,16.622464967704225,circular
831,1100,700,337.5141970537009,-85,-85,-85,-85,1350,700,111.29441715065573,16.622464967704225,circular
832,1100,700,337.5141970537009,-85,-85,-85,-85,1350,700,127.91688211835995,16.622464967704225,circular
833,1100,700,337.5141970537009,-85,-85,-85,-85,1350,700,144.53934708606417,16.622464967704225,circular
834,1100,700,337.5141970537009,21.813356630230874,-85,-85,20.48098321025059,1350,700,161.1618120537684,16.622464967704225,circular
835,1100,700,337.5141970537009,25.26334459461691,-85,-85,24.92014212493214,1350,700,177.7842770214726,16.622464967704225,circular
836,1100,700,337.5141970537009,26.074956048612798,-85,-85,26.035130213615616,1350,700,194.40674198917682,16.622464967704225,circular
837,1100,700,337.5141970537009,25.452908776355446,-85,-85,25.684904084789977,1350,700,211.02920695688104,16.622464967704225,circular
838,1100,700,337.5141970537009,22.793695368992225,-85,-85,23.553218972269416,1350,700,227.65167192458526,16.622464967704225,circular
839,1100,700,337.5141970537009,-85,-85,-85,-85,1350,700,244.27413689228948,16.622464967704225,circular
840,1100,700,337.5141970537009,-85,-85,-85,-85,1350,700,260.8966018599937,16.622464967704225,circular
841,1100,700,337.5141970537009,-85,-85,-85,-85,1350,700,277.51906682769794,16.622464967704225,circular
842,1100,700,337.5141970537009,-85,-85,-85,-85,1350,700,294.14153179540216,16.622464967704225,circular
843,1100,700,337.5141970537009,-85,-85,-85,-85,1350,700,310.7639967631064,16.622464967704225,circular
844,1100,700,337.5141970537009,-85,-85,-85,-85,1350,700,327.3864617308106,16.622464967704225,circular
845,1100,700,337.5141970537009,-85,-85,-85,-85,1350,700,344.0089266985148,16.622464967704225,circular
846,1100,700,337.5141970537009,-85,-85,-85,-85,1350,700,0.6313916662190309,16.622464967704225,circular
847,1100,700,337.5141970537009,-85,-85,-85,-85,1350,700,17.253856633923256,16.622464967704225,circular
848,1100,700,337.5141970537009,-85,-85,-85,-85,1350,700,33.87632160162748,16.622464967704225,circular
849,1100,700,337.5141970537009,-85,-85,-85,-85,1350,700,50.498786569331706,16.622464967704225,circular
850,1100,700,337.5141970537009,-85,-85,-85,-85,1350,700,67.12125153703593,16.622464967704225,circular
851,1100,700,337.5141970537009,-85,-85,-85,-85,1350,700,83.74371650474015,16.622464967704225,circular
852,1100,700,337.5141970537009,-85,-85,-85,-85,1350,700,100.36618147244437,16.622464967704225,circular
853,1100,700,337.5141970537009,-85,-85,-85,-85,1350,700,116.98864644014859,16.622464967704225,circular
854,1100,700,337.5141970537009,-85,-85,-85,-85,1350,700,133.6111114078528,16.622464967704225,circular
855,1100,700,337.5141970537009,-85,-85,-85,-85,1350,700,150.23357637555702,16.622464967704225,circular
856,1100,700,337.5141970537009,23.553218972269416,-85,-85,22.793695368992218,1350,700,166.85604134326124,16.622464967704225,circular
857,1100,700,337.5141970537009,25.684904084789974,-85,-85,25.452908776355446,1350,700,183.47850631096546,16.622464967704225,circular
858,1100,700,337.5141970537009,26.035130213615616,-85,-85,26.074956048612798,1350,700,200.10097127866968,16.622464967704225,circular
859,1100,700,337.5141970537009,24.788337040832293,-85,-85,25.263344594616918,1350,700,216.7234362463739,16.622464967704225,circular
860,1100,700,337.5141970537009,20.48098321025059,-85,-85,21.81335663023087,1350,700,233.3459012140781,16.622464967704225,circular
861,1100,700,337.5141970537009,-85,-85,-85,-85,1350,700,249.96836618178233,16.622464967704225,circular
862,1100,700,337.5141970537009,-85,-85,-85,-85,1350,700,266.5908311494866,16.622464967704225,circular
863,1100,700,337.5141970537009,-85,-85,-85,-85,1350,700,283.2132961171908,16.622464967704225,circular
864,1100,700,337.5141970537009,-85,-85,-85,-85,1350,700,299.835761084895,16.622464967704225,circular
865,1100,700,337.5141970537009,-85,-85,-85,-85,1350,700,316.45822605259923,16.622464967704225,circular
866,1100,700,337.5141970537009,-85,-85,-85,-85,1350,700,333.08069102030345,16.622464967704225,circular
867,1100,700,337.5141970537009,-85,-85,-85,-85,1350,700,349.70315598800767,16.622464967704225,circular
868,1100,700,337.5141970537009,-85,-85,-85,-85,1350,700,6.325620955711884,16.622464967704225,circular
869,1100,700,337.5141970537009,-85,-85,-85,-85,1350,700,22.94808592341611,16.622464967704225,circular
870,1100,700,337.5141970537009,-85,-85,-85,-85,1350,700,39.570550891120334,16.622464967704225,circular
871,1100,700,337.5141970537009,-85,-85,-85,-85,1350,700,56.19301585882456,16.622464967704225,circular
872,1100,700,337.5141970537009,-85,-85,-85,-85,1350,700,72.81548082652878,16.622464967704225,circular
873,1100,700,337.5141970537009,-85,-85,-85,-85,1350,700,89.437945794233,16.622464967704225,circular
874,1100,700,337.5141970537009,-85,-85,-85,-85,1350,700,106.06041076193722,16.622464967704225,circular
875,1100,700,337.5141970537009,-85,-85,-85,-85,1350,700,122.68287572964144,16.622464967704225,circular
876,1100,700,337.5141970537009,-85,-85,-85,-85,1350,700,139.30534069734566,16.622464967704225,circular
877,1100,700,337.5141970537009,19.25639156218217,-85,-85,16.269948115724727,1350,700,155.92780566504987,16.622464967704225,circular
878,1100,700,337.5141970537009,24.495315191602927,-85,-85,23.971022246457757,1350,700,172.5502706327541,16.622464967704225,circular
879,1100,700,337.5141970537009,25.9816463993744,-85,-85,25.859665714847075,1350,700,189.1727356004583,16.622464967704225,circular
880,1100,700,337.5141970537009,25.807460623826316,-85,-85,25.946643644493044,1350,700,205.79520056816253,16.622464967704225,circular
881,1100,700,337.5141970537009,23.97102224645776,-85,-85,24.495315191602927,1350,700,222.41766553586675,16.622464967704225,circular
882,1100,700,337.5141970537009,14.513447644213265,-85,-85,18.474304759512954,1350,700,239.04013050357096,16.622464967704225,circular
883,1100,700,337.5141970537009,-85,-85,-85,-85,1350,700,255.66259547127518,16.622464967704225,circular
884,1100,700,337.5141970537009,-85,-85,-85,-85,1350,700,272.28506043897943,16.622464967704225,circular
885,1100,700,337.5141970537009,-85,-85,-85,-85,1350,700,288.90752540668365,16.622464967704225,circular
886,1100,700,337.5141970537009,-85,-85,-85,-85,1350,700,305.52999037438786,16.622464967704225,circular
887,1100,700,337.5141970537009,-85,-85,-85,-85,1350,700,322.1524553420921,16.622464967704225,circular
888,1100,700,337.5141970537009,-85,-85,-85,-85,1350,700,338.7749203097963,16.622464967704225,circular
889,1100,700,337.5141970537009,-85,-85,-85,-85,1350,700,355.3973852775005,16.622464967704225,circular
890,1100,700,337.5141970537009,-85,-85,-85,-85,1350,700,12.019850245204736,16.622464967704225,circular
891,1100,700,337.5141970537009,-85,-85,-85,-85,1350,700,28.64231521290896,16.622464967704225,circular
892,1100,700,337.5141970537009,-85,-85,-85,-85,1350,700,45.26478018061319,16.622464967704225,circular
893,1100,700,337.5141970537009,-85,-85,-85,-85,1350,700,61.88724514831741,16.622464967704225,circular
894,1100,700,337.5141970537009,-85,-85,-85,-85,1350,700,78.50971011602164,16.622464967704225,circular
895,1100,700,337.5141970537009,-85,-85,-85,-85,1350,700,95.13217508372585,16.622464967704225,circular
896,1100,700,337.5141970537009,-85,-85,-85,-85,1350,700,111.75464005143007,16.622464967704225,circular
897,1100,700,337.5141970537009,-85,-85,-85,-85,1350,700,128.3771050191343,16.622464967704225,circular
898,1100,700,337.5141970537009,-85,-85,-85,-85,1350,700,144.9995699868385,16.622464967704225,circular
899,1100,700,337.5141970537009,21.813356630230874,-85,-85,20.48098321025059,1350,700,161.62203495454273,16.622464967704225,circular
900,1100,700,337.5141970537009,25.26334459461691,-85,-85,24.92014212493214,1350,700,178.24449992224694,16.622464967704225,circular
901,1100,700,337.5141970537009,26.077602459396946,-85,-85,26.053745949214605,1350,700,194.86696488995116,16.622464967704225,circular
902,1100,700,337.5141970537009,25.452908776355446,-85,-85,25.684904084789977,1350,700,211.48942985765538,16.622464967704225,circular
903,1100,700,337.5141970537009,22.496022074683278,-85,-85,23.319699537123853,1350,700,228.1118948253596,16.622464967704225,circular
904,1100,700,337.5141970537009,-85,-85,-85,-85,1350,700,244.73435979306382,16.622464967704225,circular
905,1100,700,337.5141970537009,-85,-85,-85,-85,1350,700,261.35682476076806,16.622464967704225,circular
906,1100,700,337.5141970537009,-85,-85,-85,-85,1350,700,277.9792897284723,16.622464967704225,circular
907,1100,700,337.5141970537009,-85,-85,-85,-85,1350,700,294.6017546961765,16.622464967704225,circular
908,1100,700,337.5141970537009,-85,-85,-85,-85,1350,700,311.2242196638807,16.622464967704225,circular
909,1100,700,337.5141970537009,-85,-85,-85,-85,1350,700,327.84668463158494,16.622464967704225,circular
910,1100,700,337.5141970537009,-85,-85,-85,-85,1350,700,344.46914959928915,16.622464967704225,circular
911,1100,700,337.5141970537009,-85,-85,-85,-85,1350,700,1.0916145669933712,16.622464967704225,circular
912,1100,700,337.5141970537009,-85,-85,-85,-85,1350,700,17.714079534697596,16.622464967704225,circular
913,1100,700,337.5141970537009,-85,-85,-85,-85,1350,700,34.33654450240182,16.622464967704225,circular
914,1100,700,337.5141970537009,-85,-85,-85,-85,1350,700,50.95900947010605,16.622464967704225,circular
915,1100,700,337.5141970537009,-85,-85,-85,-85,1350,700,67.58147443781027,16.622464967704225,circular
916,1100,700,337.5141970537009,-85,-85,-85,-85,1350,700,84.20393940551449,16.622464967704225,circular
917,1100,700,337.5141970537009,-85,-85,-85,-85,1350,700,100.82640437321871,16.622464967704225,circular
918,1100,700,337.5141970537009,-85,-85,-85,-85,1350,700,117.44886934092293,16.622464967704225,circular
919,1100,700,337.5141970537009,-85,-85,-85,-85,1350,700,134.07133430862714,16.622464967704225,circular
920,1100,700,337.5141970537009,-85,-85,-85,-85,1350,700,150.69379927633136,16.622464967704225,circular
921,1100,700,337.5141970537009,23.553218972269416,-85,-85,22.793695368992218,1350,700,167.31626424403558,16.622464967704225,circular
922,1100,700,337.5141970537009,25.7492610641292,-85,-85,25.536951728381826,1350,700,183.9387292117398,16.622464967704225,circular
923,1100,700,337.5141970537009,26.035130213615616,-85,-85,26.074956048612798,1350,700,200.56119417944402,16.622464967704225,circular
924,1100,700,337.5141970537009,24.788337040832293,-85,-85,25.157178905256924,1350,700,217.18365914714823,16.622464967704225,circular
925,1100,700,337.5141970537009,19.914354227256315,-85,-85,21.418119305852123,1350,700,233.80612411485245,16.622464967704225,circular
926,1100,700,337.5141970537009,-85,-85,-85,-85,1350,700,250.42858908255667,16.622464967704225,circular
927,1100,700,337.5141970537009,-85,-85,-85,-85,1350,700,267.0510540502609,16.622464967704225,circular
928,1100,700,337.5141970537009,-85,-85,-85,-85,1350,700,283.67351901796513,16.622464967704225,circular
929,1100,700,337.5141970537009,-85,-85,-85,-85,1350,700,300.29598398566935,16.622464967704225,circular
930,1100,700,337.5141970537009,-85,-85,-85,-85,1350,700,316.91844895337357,16.622464967704225,circular
931,1100,700,337.5141970537009,-85,-85,-85,-85,1350,700,333.5409139210778,16.622464967704225,circular
932,1100,700,337.5141970537009,-85,-85,-85,-85,1350,700,350.163378888782,16.622464967704225,circular
933,1100,700,337.5141970537009,-85,-85,-85,-85,1350,700,6.785843856486224,16.622464967704225,circular
934,1100,700,337.5141970537009,-85,-85,-85,-85,1350,700,23.40830882419045,16.622464967704225,circular
935,1100,700,337.5141970537009,-85,-85,-85,-85,1350,700,40.030773791894674,16.622464967704225,circular
936,1100,700,337.5141970537009,-85,-85,-85,-85,1350,700,56.6532387595989,16.622464967704225,circular
937,1100,700,337.5141970537009,-85,-85,-85,-85,1350,700,73.27570372730312,16.622464967704225,circular
938,1100,700,337.5141970537009,-85,-85,-85,-85,1350,700,89.89816869500734,16.622464967704225,circular
939,1100,700,337.5141970537009,-85,-85,-85,-85,1350,700,106.52063366271156,16.622464967704225,circular
940,1100,700,337.5141970537009,-85,-85,-85,-85,1350,700,123.14309863041578,16.622464967704225,circular
941,1100,700,337.5141970537009,-85,-85,-85,-85,1350,700,139.76556359812,16.622464967704225,circular
942,1100,700,337.5141970537009,19.25639156218217,-85,-85,16.269948115724727,1350,700,156.38802856582421,16.622464967704225,circular
943,1100,700,337.5141970537009,24.646943359767004,-85,-85,24.1582774269213,1350,700,173.01049353352843,16.622464967704225,circular
944,1100,700,337.5141970537009,25.9816463993744,-85,-85,25.859665714847075,1350,700,189.63295850123265,16.622464967704225,circular
945,1100,700,337.5141970537009,25.807460623826316,-85,-85,25.946643644493044,1350,700,206.25542346893687,16.622464967704225,circular
946,1100,700,337.5141970537009,23.769789312347285,-85,-85,24.332711411139446,1350,700,222.8778884366411,16.622464967704225,circular
947,1100,700,337.5141970537009,14.513447644213265,-85,-85,18.474304759512954,1350,700,239.5003534043453,16.622464967704225,circular
948,1100,700,337.5141970537009,-85,-85,-85,-85,1350,700,256.12281837204955,16.622464967704225,circular
949,1100,700,337.5141970537009,-85,-85,-85,-85,1350,700,272.74528333975377,16.622464967704225,circular
950,1100,700,337.5141970537009,-85,-85,-85,-85,1350,700,289.367748307458,16.622464967704225,circular
951,1100,700,337.5141970537009,-85,-85,-85,-85,1350,700,305.9902132751622,16.622464967704225,circular
952,1100,700,337.5141970537009,-85,-85,-85,-85,1350,700,322.6126782428664,16.622464967704225,circular
953,1100,700,337.5141970537009,-85,-85,-85,-85,1350,700,339.23514321057064,16.622464967704225,circular
954,1100,700,337.5141970537009,-85,-85,-85,-85,1350,700,355.85760817827486,16.622464967704225,circular
955,1100,700,337.5141970537009,-85,-85,-85,-85,1350,700,12.480073145979077,16.622464967704225,circular
956,1100,700,337.5141970537009,-85,-85,-85,-85,1350,700,29.102538113683302,16.622464967704225,circular
957,1100,700,337.5141970537009,-85,-85,-85,-85,1350,700,45.72500308138753,16.622464967704225,circular
958,1100,700,337.5141970537009,-85,-85,-85,-85,1350,700,62.34746804909175,16.622464967704225,circular
959,1100,700,337.5141970537009,-85,-85,-85,-85,1350,700,78.96993301679598,16.622464967704225,circular
960,1100,700,337.5141970537009,-85,-85,-85,-85,1350,700,95.5923979845002,16.622464967704225,circular
961,1100,700,337.5141970537009,-85,-85,-85,-85,1350,700,112.21486295220441,16.622464967704225,circular
962,1100,700,337.5141970537009,-85,-85,-85,-85,1350,700,128.83732791990863,16.622464967704225,circular
963,1100,700,337.5141970537009,-85,-85,-85,-85,1350,700,145.45979288761285,16.622464967704225,circular
964,1100,700,337.5141970537009,22.170735458799452,-85,-85,20.97742610025734,1350,700,162.08225785531707,16.622464967704225,circular
965,1100,700,337.5141970537009,25.26334459461691,-85,-85,24.92014212493214,1350,700,178.70472282302129,16.622464967704225,circular
966,1100,700,337.5141970537009,26.077602459396946,-85,-85,26.053745949214605,1350,700,195.3271877907255,16.622464967704225,circular
967,1100,700,337.5141970537009,25.361807294499556,-85,-85,25.614204328866276,1350,700,211.94965275842972,16.622464967704225,circular
968,1100,700,337.5141970537009,22.496022074683278,-85,-85,23.319699537123853,1350,700,228.57211772613394,16.622464967704225,circular
969,1100,700,337.5141970537009,-85,-85,-85,-85,1350,700,245.19458269383816,16.622464967704225,circular
970,1100,700,337.5141970537009,-85,-85,-85,-85,1350,700,261.8170476615424,16.622464967704225,circular
971,1100,700,337.5141970537009,-85,-85,-85,-85,1350,700,278.4395126292466,16.622464967704225,circular
972,1100,700,337.5141970537009,-85,-85,-85,-85,1350,700,295.06197759695084,16.622464967704225,circular
973,1100,700,337.5141970537009,-85,-85,-85,-85,1350,700,311.68444256465506,16.622464967704225,circular
974,1100,700,337.5141970537009,-85,-85,-85,-85,1350,700,328.3069075323593,16.622464967704225,circular
975,1100,700,337.5141970537009,-85,-85,-85,-85,1350,700,344.9293725000635,16.622464967704225,circular
976,1100,700,337.5141970537009,-85,-85,-85,-85,1350,700,1.5518374677677116,16.622464967704225,circular
977,1100,700,337.5141970537009,-85,-85,-85,-85,1350,700,18.174302435471937,16.622464967704225,circular
978,1100,700,337.5141970537009,-85,-85,-85,-85,1350,700,34.79676740317616,16.622464967704225,circular
979,1100,700,337.5141970537009,-85,-85,-85,-85,1350,700,51.41923237088039,16.622464967704225,circular
980,1100,700,337.5141970537009,-85,-85,-85,-85,1350,700,68.04169733858461,16.622464967704225,circular
981,1100,700,337.5141970537009,-85,-85,-85,-85,1350,700,84.66416230628883,16.622464967704225,circular
982,1100,700,337.5141970537009,-85,-85,-85,-85,1350,700,101.28662727399305,16.622464967704225,circular
983,1100,700,337.5141970537009,-85,-85,-85,-85,1350,700,117.90909224169727,16.622464967704225,circular
984,1100,700,337.5141970537009,-85,-85,-85,-85,1350,700,134.53155720940148,16.622464967704225,circular
985,1100,700,337.5141970537009,11.505794098357505,-85,-85,-85,1350,700,151.1540221771057,16.622464967704225,circular
986,1100,700,337.5141970537009,23.769789312347285,-85,-85,23.06730250275713,1350,700,167.77648714480992,16.622464967704225,circular
987,1100,700,337.5141970537009,25.7492610641292,-85,-85,25.536951728381826,1350,700,184.39895211251414,16.622464967704225,circular
988,1100,700,337.5141970537009,26.011117049096303,-85,-85,26.067010357935978,1350,700,201.02141708021836,16.622464967704225,circular
989,1100,700,337.5141970537009,24.788337040832293,-85,-85,25.157178905256924,1350,700,217.64388204792257,16.622464967704225,circular
990,1100,700,337.5141970537009,19.914354227256315,-85,-85,21.418119305852123,1350,700,234.2663470156268,16.622464967704225,circular
991,1100,700,337.5141970537009,-85,-85,-85,-85,1350,700,250.888811983331,16.622464967704225,circular
992,1100,700,337.5141970537009,-85,-85,-85,-85,1350,700,267.51127695103526,16.622464967704225,circular
993,1100,700,337.5141970537009,-85,-85,-85,-85,1350,700,284.1337419187395,16.622464967704225,circular
994,1100,700,337.5141970537009,-85,-85,-85,-85,1350,700,300.7562068864437,16.622464967704225,circular
995,1100,700,337.5141970537009,-85,-85,-85,-85,1350,700,317.3786718541479,16.622464967704225,circular
996,1100,700,337.5141970537009,-85,-85,-85,-85,1350,700,334.0011368218521,16.622464967704225,circular
997,1100,700,337.5141970537009,-85,-85,-85,-85,1350,700,350.62360178955635,16.622464967704225,circular
998,1100,700,337.5141970537009,-85,-85,-85,-85,1350,700,7.246066757260564,16.622464967704225,circular
999,1100,700,337.5141970537009,-85,-85,-85,-85,1350,700,23.86853172496479,16.622464967704225,circular
