Tick,Aircraft X,Aircraft Y,Aircraft Heading,A1,A2,A3,A4,Radar X,Radar Y,Radar Azimuth,Radar RPM,Radar Scan Pattern
0,1100,700,311.5944476685778,-85,-85,23.553218972269416,22.793695368992225,1350,700,221.8595343718844,9.321806553655158,circular
1,1100,700,311.5944476685778,17.51315549939211,11.50579409835762,-85,-85,1350,700,231.18134092553956,9.321806553655158,circular
2,1100,700,311.5944476685778,-85,-85,-85,-85,1350,700,240.50314747919472,9.321806553655158,circular
3,1100,700,311.5944476685778,-85,-85,-85,-85,1350,700,249.8249540328499,9.321806553655158,circular
4,1100,700,311.5944476685778,-85,-85,-85,-85,1350,700,259.146760586505,9.321806553655158,circular
5,1100,700,311.5944476685778,-85,-85,-85,-85,1350,700,268.4685671401602,9.321806553655158,circular
6,1100,700,311.5944476685778,-85,-85,-85,-85,1350,700,277.79037369381535,9.321806553655158,circular
7,1100,700,311.5944476685778,-85,-85,-85,-85,1350,700,287.1121802474705,9.321806553655158,circular
8,1100,700,311.5944476685778,-85,-85,-85,-85,1350,700,296.4339868011257,9.321806553655158,circular
9,1100,700,311.5944476685778,-85,-85,-85,-85,1350,700,305.75579335478085,9.321806553655158,circular
10,1100,700,311.5944476685778,-85,-85,-85,-85,1350,700,315.077599908436,9.321806553655158,circular
11,1100,700,311.5944476685778,-85,-85,-85,-85,1350,700,324.3994064620912,9.321806553655158,circular
12,1100,700,311.5944476685778,-85,-85,-85,-85,1350,700,333.72121301574634,9.321806553655158,circular
13,1100,700,311.5944476685778,-85,-85,-85,-85,1350,700,343.0430195694015,9.321806553655158,circular
14,1100,700,311.5944476685778,-85,-85,-85,-85,1350,700,352.3648261230567,9.321806553655158,circular
15,1100,700,311.5944476685778,-85,-85,-85,-85,1350,700,1.686632676711838,9.321806553655158,circular
16,1100,700,311.5944476685778,-85,-85,-85,-85,1350,700,11.008439230366996,9.321806553655158,circular
17,1100,700,311.5944476685778,-85,-85,-85,-85,1350,700,20.330245784022154,9.321806553655158,circular
18,1100,700,311.5944476685778,-85,-85,-85,-85,1350,700,29.65205233767731,9.321806553655158,circular
19,1100,700,311.5944476685778,-85,-85,-85,-85,1350,700,38.97385889133247,9.321806553655158,circular
20,1100,700,311.5944476685778,-85,-85,-85,-85,1350,700,48.29566544498763,9.321806553655158,circular
21,1100,700,311.5944476685778,-85,-85,-85,-85,1350,700,57.617471998642785,9.321806553655158,circular
22,1100,700,311.5944476685778,-85,-85,-85,-85,1350,700,66.93927855229794,9.321806553655158,circular
23,1100,700,311.5944476685778,-85,-85,-85,-85,1350,700,76.2610851059531,9.321806553655158,circular
24,1100,700,311.5944476685778,-85,-85,-85,-85,1350,700,85.58289165960826,9.321806553655158,circular
25,1100,700,311.5944476685778,-85,-85,-85,-85,1350,700,94.90469821326343,9.321806553655158,circular
26,1100,700,311.5944476685778,-85,-85,-85,-85,1350,700,104.2265047669186,9.321806553655158,circular
27,1100,700,311.5944476685778,-85,-85,-85,-85,1350,700,113.54831132057376,9.321806553655158,circular
28,1100,700,311.5944476685778,-85,-85,-85,-85,1350,700,122.87011787422892,9.321806553655158,circular
29,1100,700,311.5944476685778,-85,-85,-85,-85,1350,700,132.1919244278841,9.321806553655158,circular
30,1100,700,311.5944476685778,-85,-85,-85,-85,1350,700,141.51373098153925,9.321806553655158,circular
31,1100,700,311.5944476685778,19.91435422725632,20.97742610025734,-85,-85,1350,700,150.83553753519442,9.321806553655158,circular
32,1100,700,311.5944476685778,23.31969953712386,23.971022246457757,-85,-85,1350,700,160.15734408884958,9.321806553655158,circular
33,1100,700,311.5944476685778,25.042923900792417,25.26334459461691,-85,-85,1350,700,169.47915064250475,9.321806553655158,circular
34,1100,700,311.5944476685778,25.80746062382631,25.906018829630398,-85,-85,1350,700,178.8009571961599,9.321806553655158,circular
35,1100,700,311.5944476685778,26.074956048612798,26.074956048612798,-85,-85,1350,700,188.12276374981508,9.321806553655158,circular
36,1100,700,311.5944476685778,25.946643644493044,25.807460623826316,-85,-85,1350,700,197.44457030347024,9.321806553655158,circular
37,1100,700,311.5944476685778,25.263344594616918,25.042923900792417,-85,-85,1350,700,206.7663768571254,9.321806553655158,circular
38,1100,700,311.5944476685778,23.97102224645776,23.319699537123853,-85,-85,1350,700,216.08818341078057,9.321806553655158,circular
39,1100,700,311.5944476685778,21.418119305852123,19.914354227256315,-85,-85,1350,700,225.40998996443574,9.321806553655158,circular
40,1100,700,311.5944476685778,-85,-85,-85,-85,1350,700,234.7317965180909,9.321806553655158,circular
41,1100,700,311.5944476685778,-85,-85,-85,-85,1350,700,244.05360307174607,9.321806553655158,circular
42,1100,700,311.5944476685778,-85,-85,-85,-85,1350,700,253.37540962540123,9.321806553655158,circular
43,1100,700,311.5944476685778,-85,-85,-85,-85,1350,700,262.6972161790564,9.321806553655158,circular
44,1100,700,311.5944476685778,-85,-85,-85,-85,1350,700,272.01902273271156,9.321806553655158,circular
45,1100,700,311.5944476685778,-85,-85,-85,-85,1350,700,281.3408292863667,9.321806553655158,circular
46,1100,700,311.5944476685778,-85,-85,-85,-85,1350,700,290.6626358400219,9.321806553655158,circular
47,1100,700,311.5944476685778,-85,-85,-85,-85,1350,700,299.98444239367706,9.321806553655158,circular
48,1100,700,311.5944476685778,-85,-85,-85,-85,1350,700,309.3062489473322,9.321806553655158,circular
49,1100,700,311.5944476685778,-85,-85,-85,-85,1350,700,318.6280555009874,9.321806553655158,circular
50,1100,700,311.5944476685778,-85,-85,-85,-85,1350,700,327.94986205464255,9.321806553655158,circular
51,1100,700,311.5944476685778,-85,-85,-85,-85,1350,700,337.2716686082977,9.321806553655158,circular
52,1100,700,311.5944476685778,-85,-85,-85,-85,1350,700,346.5934751619529,9.321806553655158,circular
53,1100,700,311.5944476685778,-85,-85,-85,-85,1350,700,355.91528171560805,9.321806553655158,circular
54,1100,700,311.5944476685778,-85,-85,-85,-85,1350,700,5.237088269263211,9.321806553655158,circular
55,1100,700,311.5944476685778,-85,-85,-85,-85,1350,700,14.558894822918369,9.321806553655158,circular
56,1100,700,311.5944476685778,-85,-85,-85,-85,1350,700,23.880701376573526,9.321806553655158,circular
57,1100,700,311.5944476685778,-85,-85,-85,-85,1350,700,33.202507930228684,9.321806553655158,circular
58,1100,700,311.5944476685778,-85,-85,-85,-85,1350,700,42.52431448388384,9.321806553655158,circular
59,1100,700,311.5944476685778,-85,-85,-85,-85,1350,700,51.846121037539,9.321806553655158,circular
60,1100,700,311.5944476685778,-85,-85,-85,-85,1350,700,61.16792759119416,9.321806553655158,circular
61,1100,700,311.5944476685778,-85,-85,-85,-85,1350,700,70.48973414484931,9.321806553655158,circular
62,1100,700,311.5944476685778,-85,-85,-85,-85,1350,700,79.81154069850447,9.321806553655158,circular
63,1100,700,311.5944476685778,-85,-85,-85,-85,1350,700,89.13334725215964,9.321806553655158,circular
64,1100,700,311.5944476685778,-85,-85,-85,-85,1350,700,98.4551538058148,9.321806553655158,circular
65,1100,700,311.5944476685778,-85,-85,-85,-85,1350,700,107.77696035946997,9.321806553655158,circular
66,1100,700,311.5944476685778,-85,-85,-85,-85,1350,700,117.09876691312513,9.321806553655158,circular
67,1100,700,311.5944476685778,-85,-85,-85,-85,1350,700,126.4205734667803,9.321806553655158,circular
68,1100,700,311.5944476685778,-85,-85,-85,-85,1350,700,135.74238002043546,9.321806553655158,circular
69,1100,700,311.5944476685778,11.505794098357505,17.513155499392102,-85,-85,1350,700,145.06418657409063,9.321806553655158,circular
70,1100,700,311.5944476685778,21.41811930585211,22.496022074683278,-85,-85,1350,700,154.3859931277458,9.321806553655158,circular
71,1100,700,311.5944476685778,24.1582774269213,24.495315191602927,-85,-85,1350,700,163.70779968140096,9.321806553655158,circular
72,1100,700,311.5944476685778,25.36180729449956,25.536951728381826,-85,-85,1350,700,173.02960623505612,9.321806553655158,circular
73,1100,700,311.5944476685778,25.946643644493044,26.035130213615616,-85,-85,1350,700,182.3514127887113,9.321806553655158,circular
74,1100,700,311.5944476685778,26.067010357935978,26.035130213615616,-85,-85,1350,700,191.67321934236645,9.321806553655158,circular
75,1100,700,311.5944476685778,25.7492610641292,25.614204328866276,-85,-85,1350,700,200.99502589602162,9.321806553655158,circular
76,1100,700,311.5944476685778,24.92014212493214,24.495315191602927,-85,-85,1350,700,210.31683244967678,9.321806553655158,circular
77,1100,700,311.5944476685778,23.067302502757133,22.496022074683278,-85,-85,1350,700,219.63863900333195,9.321806553655158,circular
78,1100,700,311.5944476685778,19.25639156218219,17.51315549939211,-85,-85,1350,700,228.9604455569871,9.321806553655158,circular
79,1100,700,311.5944476685778,-85,-85,-85,-85,1350,700,238.28225211064228,9.321806553655158,circular
80,1100,700,311.5944476685778,-85,-85,-85,-85,1350,700,247.60405866429744,9.321806553655158,circular
81,1100,700,311.5944476685778,-85,-85,-85,-85,1350,700,256.9258652179526,9.321806553655158,circular
82,1100,700,311.5944476685778,-85,-85,-85,-85,1350,700,266.24767177160777,9.321806553655158,circular
83,1100,700,311.5944476685778,-85,-85,-85,-85,1350,700,275.56947832526293,9.321806553655158,circular
84,1100,700,311.5944476685778,-85,-85,-85,-85,1350,700,284.8912848789181,9.321806553655158,circular
85,1100,700,311.5944476685778,-85,-85,-85,-85,1350,700,294.21309143257326,9.321806553655158,circular
86,1100,700,311.5944476685778,-85,-85,-85,-85,1350,700,303.53489798622843,9.321806553655158,circular
87,1100,700,311.5944476685778,-85,-85,-85,-85,1350,700,312.8567045398836,9.321806553655158,circular
88,1100,700,311.5944476685778,-85,-85,-85,-85,1350,700,322.17851109353876,9.321806553655158,circular
89,1100,700,311.5944476685778,-85,-85,-85,-85,1350,700,331.5003176471939,9.321806553655158,circular
90,1100,700,311.5944476685778,-85,-85,-85,-85,1350,700,340.8221242008491,9.321806553655158,circular
91,1100,700,311.5944476685778,-85,-85,-85,-85,1350,700,350.14393075450425,9.321806553655158,circular
92,1100,700,311.5944476685778,-85,-85,-85,-85,1350,700,359.4657373081594,9.321806553655158,circular
93,1100,700,311.5944476685778,-85,-85,-85,-85,1350,700,8.787543861814584,9.321806553655158,circular
94,1100,700,311.5944476685778,-85,-85,-85,-85,1350,700,18.10935041546974,9.321806553655158,circular
95,1100,700,311.5944476685778,-85,-85,-85,-85,1350,700,27.4311569691249,9.321806553655158,circular
96,1100,700,311.5944476685778,-85,-85,-85,-85,1350,700,36.75296352278006,9.321806553655158,circular
97,1100,700,311.5944476685778,-85,-85,-85,-85,1350,700,46.074770076435215,9.321806553655158,circular
98,1100,700,311.5944476685778,-85,-85,-85,-85,1350,700,55.39657663009037,9.321806553655158,circular
99,1100,700,311.5944476685778,-85,-85,-85,-85,1350,700,64.71838318374553,9.321806553655158,circular
100,1100,700,311.5944476685778,-85,-85,-85,-85,1350,700,74.04018973740068,9.321806553655158,circular
101,1100,700,311.5944476685778,-85,-85,-85,-85,1350,700,83.36199629105585,9.321806553655158,circular
102,1100,700,311.5944476685778,-85,-85,-85,-85,1350,700,92.68380284471101,9.321806553655158,circular
103,1100,700,311.5944476685778,-85,-85,-85,-85,1350,700,102.00560939836618,9.321806553655158,circular
104,1100,700,311.5944476685778,-85,-85,-85,-85,1350,700,111.32741595202134,9.321806553655158,circular
105,1100,700,311.5944476685778,-85,-85,-85,-85,1350,700,120.6492225056765,9.321806553655158,circular
106,1100,700,311.5944476685778,-85,-85,-85,-85,1350,700,129.97102905933167,9.321806553655158,circular
107,1100,700,311.5944476685778,-85,-85,-85,-85,1350,700,139.29283561298683,9.321806553655158,circular
108,1100,700,311.5944476685778,18.47430475951294,19.91435422725632,-85,-85,1350,700,148.614642166642,9.321806553655158,circular
109,1100,700,311.5944476685778,22.793695368992218,23.31969953712386,-85,-85,1350,700,157.93644872029716,9.321806553655158,circular
110,1100,700,311.5944476685778,24.646943359767004,25.042923900792417,-85,-85,1350,700,167.25825527395233,9.321806553655158,circular
111,1100,700,311.5944476685778,25.684904084789974,25.80746062382631,-85,-85,1350,700,176.5800618276075,9.321806553655158,circular
112,1100,700,311.5944476685778,26.053745949214605,26.074956048612798,-85,-85,1350,700,185.90186838126266,9.321806553655158,circular
113,1100,700,311.5944476685778,26.011117049096303,25.906018829630398,-85,-85,1350,700,195.22367493491782,9.321806553655158,circular
114,1100,700,311.5944476685778,25.452908776355446,25.263344594616918,-85,-85,1350,700,204.545481488573,9.321806553655158,circular
115,1100,700,311.5944476685778,24.332711411139446,23.97102224645776,-85,-85,1350,700,213.86728804222815,9.321806553655158,circular
116,1100,700,311.5944476685778,22.170735458799452,20.97742610025735,-85,-85,1350,700,223.18909459588332,9.321806553655158,circular
117,1100,700,311.5944476685778,14.513447644213265,-85,-85,-85,1350,700,232.51090114953848,9.321806553655158,circular
118,1100,700,311.5944476685778,-85,-85,-85,-85,1350,700,241.83270770319365,9.321806553655158,circular
119,1100,700,311.5944476685778,-85,-85,-85,-85,1350,700,251.1545142568488,9.321806553655158,circular
120,1100,700,311.5944476685778,-85,-85,-85,-85,1350,700,260.476320810504,9.321806553655158,circular
121,1100,700,311.5944476685778,-85,-85,-85,-85,1350,700,269.79812736415914,9.321806553655158,circular
122,1100,700,311.5944476685778,-85,-85,-85,-85,1350,700,279.1199339178143,9.321806553655158,circular
123,1100,700,311.5944476685778,-85,-85,-85,-85,1350,700,288.4417404714695,9.321806553655158,circular
124,1100,700,311.5944476685778,-85,-85,-85,-85,1350,700,297.76354702512464,9.321806553655158,circular
125,1100,700,311.5944476685778,-85,-85,-85,-85,1350,700,307.0853535787798,9.321806553655158,circular
126,1100,700,311.5944476685778,-85,-85,-85,-85,1350,700,316.40716013243497,9.321806553655158,circular
127,1100,700,311.5944476685778,-85,-85,-85,-85,1350,700,325.72896668609013,9.321806553655158,circular
128,1100,700,311.5944476685778,-85,-85,-85,-85,1350,700,335.0507732397453,9.321806553655158,circular
129,1100,700,311.5944476685778,-85,-85,-85,-85,1350,700,344.37257979340046,9.321806553655158,circular
130,1100,700,311.5944476685778,-85,-85,-85,-85,1350,700,353.6943863470556,9.321806553655158,circular
131,1100,700,311.5944476685778,-85,-85,-85,-85,1350,700,3.0161929007107915,9.321806553655158,circular
132,1100,700,311.5944476685778,-85,-85,-85,-85,1350,700,12.33799945436595,9.321806553655158,circular
133,1100,700,311.5944476685778,-85,-85,-85,-85,1350,700,21.659806008021107,9.321806553655158,circular
134,1100,700,311.5944476685778,-85,-85,-85,-85,1350,700,30.981612561676265,9.321806553655158,circular
135,1100,700,311.5944476685778,-85,-85,-85,-85,1350,700,40.30341911533142,9.321806553655158,circular
136,1100,700,311.5944476685778,-85,-85,-85,-85,1350,700,49.62522566898658,9.321806553655158,circular
137,1100,700,311.5944476685778,-85,-85,-85,-85,1350,700,58.94703222264174,9.321806553655158,circular
138,1100,700,311.5944476685778,-85,-85,-85,-85,1350,700,68.26883877629689,9.321806553655158,circular
139,1100,700,311.5944476685778,-85,-85,-85,-85,1350,700,77.59064532995205,9.321806553655158,circular
140,1100,700,311.5944476685778,-85,-85,-85,-85,1350,700,86.91245188360722,9.321806553655158,circular
141,1100,700,311.5944476685778,-85,-85,-85,-85,1350,700,96.23425843726238,9.321806553655158,circular
142,1100,700,311.5944476685778,-85,-85,-85,-85,1350,700,105.55606499091755,9.321806553655158,circular
143,1100,700,311.5944476685778,-85,-85,-85,-85,1350,700,114.87787154457271,9.321806553655158,circular
144,1100,700,311.5944476685778,-85,-85,-85,-85,1350,700,124.19967809822788,9.321806553655158,circular
145,1100,700,311.5944476685778,-85,-85,-85,-85,1350,700,133.52148465188304,9.321806553655158,circular
146,1100,700,311.5944476685778,-85,11.505794098357505,-85,-85,1350,700,142.8432912055382,9.321806553655158,circular
147,1100,700,311.5944476685778,20.48098321025059,21.813356630230874,-85,-85,1350,700,152.16509775919337,9.321806553655158,circular
148,1100,700,311.5944476685778,23.769789312347285,24.1582774269213,-85,-85,1350,700,161.48690431284854,9.321806553655158,circular
149,1100,700,311.5944476685778,25.157178905256924,25.36180729449956,-85,-85,1350,700,170.8087108665037,9.321806553655158,circular
150,1100,700,311.5944476685778,25.859665714847075,25.9816463993744,-85,-85,1350,700,180.13051742015887,9.321806553655158,circular
151,1100,700,311.5944476685778,26.077602459396946,26.067010357935978,-85,-85,1350,700,189.45232397381403,9.321806553655158,circular
152,1100,700,311.5944476685778,25.859665714847075,25.7492610641292,-85,-85,1350,700,198.7741305274692,9.321806553655158,circular
153,1100,700,311.5944476685778,25.157178905256924,24.788337040832293,-85,-85,1350,700,208.09593708112436,9.321806553655158,circular
154,1100,700,311.5944476685778,23.769789312347285,23.067302502757133,-85,-85,1350,700,217.41774363477953,9.321806553655158,circular
155,1100,700,311.5944476685778,20.48098321025059,19.25639156218219,-85,-85,1350,700,226.7395501884347,9.321806553655158,circular
156,1100,700,311.5944476685778,-85,-85,-85,-85,1350,700,236.06135674208986,9.321806553655158,circular
157,1100,700,311.5944476685778,-85,-85,-85,-85,1350,700,245.38316329574502,9.321806553655158,circular
158,1100,700,311.5944476685778,-85,-85,-85,-85,1350,700,254.7049698494002,9.321806553655158,circular
159,1100,700,311.5944476685778,-85,-85,-85,-85,1350,700,264.02677640305535,9.321806553655158,circular
160,1100,700,311.5944476685778,-85,-85,-85,-85,1350,700,273.3485829567105,9.321806553655158,circular
161,1100,700,311.5944476685778,-85,-85,-85,-85,1350,700,282.6703895103657,9.321806553655158,circular
162,1100,700,311.5944476685778,-85,-85,-85,-85,1350,700,291.99219606402085,9.321806553655158,circular
163,1100,700,311.5944476685778,-85,-85,-85,-85,1350,700,301.314002617676,9.321806553655158,circular
164,1100,700,311.5944476685778,-85,-85,-85,-85,1350,700,310.6358091713312,9.321806553655158,circular
165,1100,700,311.5944476685778,-85,-85,-85,-85,1350,700,319.95761572498634,9.321806553655158,circular
166,1100,700,311.5944476685778,-85,-85,-85,-85,1350,700,329.2794222786415,9.321806553655158,circular
167,1100,700,311.5944476685778,-85,-85,-85,-85,1350,700,338.60122883229667,9.321806553655158,circular
168,1100,700,311.5944476685778,-85,-85,-85,-85,1350,700,347.92303538595183,9.321806553655158,circular
169,1100,700,311.5944476685778,-85,-85,-85,-85,1350,700,357.244841939607,9.321806553655158,circular
170,1100,700,311.5944476685778,-85,-85,-85,-85,1350,700,6.566648493262164,9.321806553655158,circular
171,1100,700,311.5944476685778,-85,-85,-85,-85,1350,700,15.888455046917322,9.321806553655158,circular
172,1100,700,311.5944476685778,-85,-85,-85,-85,1350,700,25.21026160057248,9.321806553655158,circular
173,1100,700,311.5944476685778,-85,-85,-85,-85,1350,700,34.53206815422764,9.321806553655158,circular
174,1100,700,311.5944476685778,-85,-85,-85,-85,1350,700,43.853874707882795,9.321806553655158,circular
175,1100,700,311.5944476685778,-85,-85,-85,-85,1350,700,53.17568126153795,9.321806553655158,circular
176,1100,700,311.5944476685778,-85,-85,-85,-85,1350,700,62.49748781519311,9.321806553655158,circular
177,1100,700,311.5944476685778,-85,-85,-85,-85,1350,700,71.81929436884826,9.321806553655158,circular
178,1100,700,311.5944476685778,-85,-85,-85,-85,1350,700,81.14110092250343,9.321806553655158,circular
179,1100,700,311.5944476685778,-85,-85,-85,-85,1350,700,90.46290747615859,9.321806553655158,circular
180,1100,700,311.5944476685778,-85,-85,-85,-85,1350,700,99.78471402981376,9.321806553655158,circular
181,1100,700,311.5944476685778,-85,-85,-85,-85,1350,700,109.10652058346892,9.321806553655158,circular
182,1100,700,311.5944476685778,-85,-85,-85,-85,1350,700,118.42832713712409,9.321806553655158,circular
183,1100,700,311.5944476685778,-85,-85,-85,-85,1350,700,127.75013369077925,9.321806553655158,circular
184,1100,700,311.5944476685778,-85,-85,-85,-85,1350,700,137.07194024443442,9.321806553655158,circular
185,1100,700,311.5944476685778,14.513447644213304,18.47430475951294,-85,-85,1350,700,146.39374679808958,9.321806553655158,circular
186,1100,700,311.5944476685778,22.170735458799452,22.793695368992218,-85,-85,1350,700,155.71555335174475,9.321806553655158,circular
187,1100,700,311.5944476685778,24.33271141113945,24.78833704083229,-85,-85,1350,700,165.0373599053999,9.321806553655158,circular
188,1100,700,311.5944476685778,25.452908776355446,25.684904084789974,-85,-85,1350,700,174.35916645905507,9.321806553655158,circular
189,1100,700,311.5944476685778,26.011117049096303,26.053745949214605,-85,-85,1350,700,183.68097301271024,9.321806553655158,circular
190,1100,700,311.5944476685778,26.053745949214605,26.011117049096303,-85,-85,1350,700,193.0027795663654,9.321806553655158,circular
191,1100,700,311.5944476685778,25.684904084789977,25.452908776355446,-85,-85,1350,700,202.32458612002057,9.321806553655158,circular
192,1100,700,311.5944476685778,24.646943359767004,24.332711411139446,-85,-85,1350,700,211.64639267367573,9.321806553655158,circular
193,1100,700,311.5944476685778,22.793695368992225,22.170735458799452,-85,-85,1350,700,220.9681992273309,9.321806553655158,circular
194,1100,700,311.5944476685778,18.474304759512954,14.513447644213265,-85,-85,1350,700,230.29000578098606,9.321806553655158,circular
195,1100,700,311.5944476685778,-85,-85,-85,-85,1350,700,239.61181233464123,9.321806553655158,circular
196,1100,700,311.5944476685778,-85,-85,-85,-85,1350,700,248.9336188882964,9.321806553655158,circular
197,1100,700,311.5944476685778,-85,-85,-85,-85,1350,700,258.25542544195156,9.321806553655158,circular
198,1100,700,311.5944476685778,-85,-85,-85,-85,1350,700,267.5772319956067,9.321806553655158,circular
199,1100,700,311.5944476685778,-85,-85,-85,-85,1350,700,276.8990385492619,9.321806553655158,circular
200,1100,700,311.5944476685778,-85,-85,-85,-85,1350,700,286.22084510291705,9.321806553655158,circular
201,1100,700,311.5944476685778,-85,-85,-85,-85,1350,700,295.5426516565722,9.321806553655158,circular
202,1100,700,311.5944476685778,-85,-85,-85,-85,1350,700,304.8644582102274,9.321806553655158,circular
203,1100,700,311.5944476685778,-85,-85,-85,-85,1350,700,314.18626476388255,9.321806553655158,circular
204,1100,700,311.5944476685778,-85,-85,-85,-85,1350,700,323.5080713175377,9.321806553655158,circular
205,1100,700,311.5944476685778,-85,-85,-85,-85,1350,700,332.8298778711929,9.321806553655158,circular
206,1100,700,311.5944476685778,-85,-85,-85,-85,1350,700,342.15168442484804,9.321806553655158,circular
207,1100,700,311.5944476685778,-85,-85,-85,-85,1350,700,351.4734909785032,9.321806553655158,circular
208,1100,700,311.5944476685778,-85,-85,-85,-85,1350,700,0.7952975321583722,9.321806553655158,circular
209,1100,700,311.5944476685778,-85,-85,-85,-85,1350,700,10.11710408581353,9.321806553655158,circular
210,1100,700,311.5944476685778,-85,-85,-85,-85,1350,700,19.438910639468688,9.321806553655158,circular
211,1100,700,311.5944476685778,-85,-85,-85,-85,1350,700,28.760717193123845,9.321806553655158,circular
212,1100,700,311.5944476685778,-85,-85,-85,-85,1350,700,38.082523746779,9.321806553655158,circular
213,1100,700,311.5944476685778,-85,-85,-85,-85,1350,700,47.40433030043416,9.321806553655158,circular
214,1100,700,311.5944476685778,-85,-85,-85,-85,1350,700,56.72613685408932,9.321806553655158,circular
215,1100,700,311.5944476685778,-85,-85,-85,-85,1350,700,66.04794340774447,9.321806553655158,circular
216,1100,700,311.5944476685778,-85,-85,-85,-85,1350,700,75.36974996139963,9.321806553655158,circular
217,1100,700,311.5944476685778,-85,-85,-85,-85,1350,700,84.6915565150548,9.321806553655158,circular
218,1100,700,311.5944476685778,-85,-85,-85,-85,1350,700,94.01336306870996,9.321806553655158,circular
219,1100,700,311.5944476685778,-85,-85,-85,-85,1350,700,103.33516962236513,9.321806553655158,circular
220,1100,700,311.5944476685778,-85,-85,-85,-85,1350,700,112.6569761760203,9.321806553655158,circular
221,1100,700,311.5944476685778,-85,-85,-85,-85,1350,700,121.97878272967546,9.321806553655158,circular
222,1100,700,311.5944476685778,-85,-85,-85,-85,1350,700,131.30058928333062,9.321806553655158,circular
223,1100,700,311.5944476685778,-85,-85,-85,-85,1350,700,140.6223958369858,9.321806553655158,circular
224,1100,700,311.5944476685778,19.25639156218217,20.48098321025059,-85,-85,1350,700,149.94420239064095,9.321806553655158,circular
225,1100,700,311.5944476685778,23.06730250275713,23.769789312347285,-85,-85,1350,700,159.26600894429612,9.321806553655158,circular
226,1100,700,311.5944476685778,24.92014212493214,25.157178905256924,-85,-85,1350,700,168.58781549795128,9.321806553655158,circular
227,1100,700,311.5944476685778,25.7492610641292,25.859665714847075,-85,-85,1350,700,177.90962205160645,9.321806553655158,circular
228,1100,700,311.5944476685778,26.067010357935978,26.077602459396946,-85,-85,1350,700,187.2314286052616,9.321806553655158,circular
229,1100,700,311.5944476685778,25.946643644493044,25.859665714847075,-85,-85,1350,700,196.55323515891678,9.321806553655158,circular
230,1100,700,311.5944476685778,25.361807294499556,25.157178905256924,-85,-85,1350,700,205.87504171257194,9.321806553655158,circular
231,1100,700,311.5944476685778,24.1582774269213,23.553218972269416,-85,-85,1350,700,215.1968482662271,9.321806553655158,circular
232,1100,700,311.5944476685778,21.418119305852123,20.48098321025059,-85,-85,1350,700,224.51865481988227,9.321806553655158,circular
233,1100,700,311.5944476685778,11.50579409835762,-85,-85,-85,1350,700,233.84046137353744,9.321806553655158,circular
234,1100,700,311.5944476685778,-85,-85,-85,-85,1350,700,243.1622679271926,9.321806553655158,circular
235,1100,700,311.5944476685778,-85,-85,-85,-85,1350,700,252.48407448084777,9.321806553655158,circular
236,1100,700,311.5944476685778,-85,-85,-85,-85,1350,700,261.80588103450293,9.321806553655158,circular
237,1100,700,311.5944476685778,-85,-85,-85,-85,1350,700,271.1276875881581,9.321806553655158,circular
238,1100,700,311.5944476685778,-85,-85,-85,-85,1350,700,280.44949414181326,9.321806553655158,circular
239,1100,700,311.5944476685778,-85,-85,-85,-85,1350,700,289.7713006954684,9.321806553655158,circular
240,1100,700,311.5944476685778,-85,-85,-85,-85,1350,700,299.0931072491236,9.321806553655158,circular
241,1100,700,311.5944476685778,-85,-85,-85,-85,1350,700,308.41491380277876,9.321806553655158,circular
242,1100,700,311.5944476685778,-85,-85,-85,-85,1350,700,317.7367203564339,9.321806553655158,circular
243,1100,700,311.5944476685778,-85,-85,-85,-85,1350,700,327.0585269100891,9.321806553655158,circular
244,1100,700,311.5944476685778,-85,-85,-85,-85,1350,700,336.38033346374425,9.321806553655158,circular
245,1100,700,311.5944476685778,-85,-85,-85,-85,1350,700,345.7021400173994,9.321806553655158,circular
246,1100,700,311.5944476685778,-85,-85,-85,-85,1350,700,355.0239465710546,9.321806553655158,circular
247,1100,700,311.5944476685778,-85,-85,-85,-85,1350,700,4.345753124709745,9.321806553655158,circular
248,1100,700,311.5944476685778,-85,-85,-85,-85,1350,700,13.667559678364903,9.321806553655158,circular
249,1100,700,311.5944476685778,-85,-85,-85,-85,1350,700,22.98936623202006,9.321806553655158,circular
250,1100,700,311.5944476685778,-85,-85,-85,-85,1350,700,32.31117278567522,9.321806553655158,circular
251,1100,700,311.5944476685778,-85,-85,-85,-85,1350,700,41.632979339330376,9.321806553655158,circular
252,1100,700,311.5944476685778,-85,-85,-85,-85,1350,700,50.954785892985534,9.321806553655158,circular
253,1100,700,311.5944476685778,-85,-85,-85,-85,1350,700,60.27659244664069,9.321806553655158,circular
254,1100,700,311.5944476685778,-85,-85,-85,-85,1350,700,69.59839900029584,9.321806553655158,circular
255,1100,700,311.5944476685778,-85,-85,-85,-85,1350,700,78.920205553951,9.321806553655158,circular
256,1100,700,311.5944476685778,-85,-85,-85,-85,1350,700,88.24201210760617,9.321806553655158,circular
257,1100,700,311.5944476685778,-85,-85,-85,-85,1350,700,97.56381866126134,9.321806553655158,circular
258,1100,700,311.5944476685778,-85,-85,-85,-85,1350,700,106.8856252149165,9.321806553655158,circular
259,1100,700,311.5944476685778,-85,-85,-85,-85,1350,700,116.20743176857167,9.321806553655158,circular
260,1100,700,311.5944476685778,-85,-85,-85,-85,1350,700,125.52923832222683,9.321806553655158,circular
261,1100,700,311.5944476685778,-85,-85,-85,-85,1350,700,134.851044875882,9.321806553655158,circular
262,1100,700,311.5944476685778,-85,16.269948115724727,-85,-85,1350,700,144.17285142953716,9.321806553655158,circular
263,1100,700,311.5944476685778,21.41811930585211,22.170735458799452,-85,-85,1350,700,153.49465798319233,9.321806553655158,circular
264,1100,700,311.5944476685778,23.971022246457757,24.33271141113945,-85,-85,1350,700,162.8164645368475,9.321806553655158,circular
265,1100,700,311.5944476685778,25.26334459461691,25.536951728381826,-85,-85,1350,700,172.13827109050266,9.321806553655158,circular
266,1100,700,311.5944476685778,25.906018829630398,26.011117049096303,-85,-85,1350,700,181.46007764415782,9.321806553655158,circular
267,1100,700,311.5944476685778,26.074956048612798,26.053745949214605,-85,-85,1350,700,190.78188419781299,9.321806553655158,circular
268,1100,700,311.5944476685778,25.807460623826316,25.614204328866276,-85,-85,1350,700,200.10369075146815,9.321806553655158,circular
269,1100,700,311.5944476685778,25.042923900792417,24.646943359767004,-85,-85,1350,700,209.42549730512332,9.321806553655158,circular
270,1100,700,311.5944476685778,23.319699537123853,22.793695368992225,-85,-85,1350,700,218.74730385877848,9.321806553655158,circular
271,1100,700,311.5944476685778,19.914354227256315,17.51315549939211,-85,-85,1350,700,228.06911041243364,9.321806553655158,circular
272,1100,700,311.5944476685778,-85,-85,-85,-85,1350,700,237.3909169660888,9.321806553655158,circular
273,1100,700,311.5944476685778,-85,-85,-85,-85,1350,700,246.71272351974397,9.321806553655158,circular
274,1100,700,311.5944476685778,-85,-85,-85,-85,1350,700,256.03453007339914,9.321806553655158,circular
275,1100,700,311.5944476685778,-85,-85,-85,-85,1350,700,265.3563366270543,9.321806553655158,circular
276,1100,700,311.5944476685778,-85,-85,-85,-85,1350,700,274.67814318070947,9.321806553655158,circular
277,1100,700,311.5944476685778,-85,-85,-85,-85,1350,700,283.99994973436463,9.321806553655158,circular
278,1100,700,311.5944476685778,-85,-85,-85,-85,1350,700,293.3217562880198,9.321806553655158,circular
279,1100,700,311.5944476685778,-85,-85,-85,-85,1350,700,302.64356284167496,9.321806553655158,circular
280,1100,700,311.5944476685778,-85,-85,-85,-85,1350,700,311.96536939533013,9.321806553655158,circular
281,1100,700,311.5944476685778,-85,-85,-85,-85,1350,700,321.2871759489853,9.321806553655158,circular
282,1100,700,311.5944476685778,-85,-85,-85,-85,1350,700,330.60898250264046,9.321806553655158,circular
283,1100,700,311.5944476685778,-85,-85,-85,-85,1350,700,339.9307890562956,9.321806553655158,circular
284,1100,700,311.5944476685778,-85,-85,-85,-85,1350,700,349.2525956099508,9.321806553655158,circular
285,1100,700,311.5944476685778,-85,-85,-85,-85,1350,700,358.57440216360595,9.321806553655158,circular
286,1100,700,311.5944476685778,-85,-85,-85,-85,1350,700,7.896208717261118,9.321806553655158,circular
287,1100,700,311.5944476685778,-85,-85,-85,-85,1350,700,17.218015270916275,9.321806553655158,circular
288,1100,700,311.5944476685778,-85,-85,-85,-85,1350,700,26.539821824571433,9.321806553655158,circular
289,1100,700,311.5944476685778,-85,-85,-85,-85,1350,700,35.86162837822659,9.321806553655158,circular
290,1100,700,311.5944476685778,-85,-85,-85,-85,1350,700,45.18343493188175,9.321806553655158,circular
291,1100,700,311.5944476685778,-85,-85,-85,-85,1350,700,54.50524148553691,9.321806553655158,circular
292,1100,700,311.5944476685778,-85,-85,-85,-85,1350,700,63.827048039192064,9.321806553655158,circular
293,1100,700,311.5944476685778,-85,-85,-85,-85,1350,700,73.14885459284721,9.321806553655158,circular
294,1100,700,311.5944476685778,-85,-85,-85,-85,1350,700,82.47066114650238,9.321806553655158,circular
295,1100,700,311.5944476685778,-85,-85,-85,-85,1350,700,91.79246770015754,9.321806553655158,circular
296,1100,700,311.5944476685778,-85,-85,-85,-85,1350,700,101.11427425381271,9.321806553655158,circular
297,1100,700,311.5944476685778,-85,-85,-85,-85,1350,700,110.43608080746787,9.321806553655158,circular
298,1100,700,311.5944476685778,-85,-85,-85,-85,1350,700,119.75788736112304,9.321806553655158,circular
299,1100,700,311.5944476685778,-85,-85,-85,-85,1350,700,129.0796939147782,9.321806553655158,circular
300,1100,700,311.5944476685778,-85,-85,-85,-85,1350,700,138.40150046843337,9.321806553655158,circular
301,1100,700,311.5944476685778,17.513155499392102,19.25639156218217,-85,-85,1350,700,147.72330702208853,9.321806553655158,circular
302,1100,700,311.5944476685778,22.496022074683278,23.31969953712386,-85,-85,1350,700,157.0451135757437,9.321806553655158,circular
303,1100,700,311.5944476685778,24.495315191602927,24.92014212493214,-85,-85,1350,700,166.36692012939886,9.321806553655158,circular
304,1100,700,311.5944476685778,25.614204328866276,25.7492610641292,-85,-85,1350,700,175.68872668305403,9.321806553655158,circular
305,1100,700,311.5944476685778,26.035130213615616,26.067010357935978,-85,-85,1350,700,185.0105332367092,9.321806553655158,circular
306,1100,700,311.5944476685778,26.035130213615616,25.946643644493044,-85,-85,1350,700,194.33233979036436,9.321806553655158,circular
307,1100,700,311.5944476685778,25.536951728381826,25.361807294499556,-85,-85,1350,700,203.65414634401952,9.321806553655158,circular
308,1100,700,311.5944476685778,24.495315191602927,24.1582774269213,-85,-85,1350,700,212.9759528976747,9.321806553655158,circular
309,1100,700,311.5944476685778,22.496022074683278,21.418119305852123,-85,-85,1350,700,222.29775945132985,9.321806553655158,circular
310,1100,700,311.5944476685778,16.269948115724716,11.50579409835762,-85,-85,1350,700,231.61956600498502,9.321806553655158,circular
311,1100,700,311.5944476685778,-85,-85,-85,-85,1350,700,240.94137255864018,9.321806553655158,circular
312,1100,700,311.5944476685778,-85,-85,-85,-85,1350,700,250.26317911229535,9.321806553655158,circular
313,1100,700,311.5944476685778,-85,-85,-85,-85,1350,700,259.5849856659505,9.321806553655158,circular
314,1100,700,311.5944476685778,-85,-85,-85,-85,1350,700,268.9067922196057,9.321806553655158,circular
315,1100,700,311.5944476685778,-85,-85,-85,-85,1350,700,278.22859877326084,9.321806553655158,circular
316,1100,700,311.5944476685778,-85,-85,-85,-85,1350,700,287.550405326916,9.321806553655158,circular
317,1100,700,311.5944476685778,-85,-85,-85,-85,1350,700,296.8722118805712,9.321806553655158,circular
318,1100,700,311.5944476685778,-85,-85,-85,-85,1350,700,306.19401843422634,9.321806553655158,circular
319,1100,700,311.5944476685778,-85,-85,-85,-85,1350,700,315.5158249878815,9.321806553655158,circular
320,1100,700,311.5944476685778,-85,-85,-85,-85,1350,700,324.83763154153667,9.321806553655158,circular
321,1100,700,311.5944476685778,-85,-85,-85,-85,1350,700,334.15943809519183,9.321806553655158,circular
322,1100,700,311.5944476685778,-85,-85,-85,-85,1350,700,343.481244648847,9.321806553655158,circular
323,1100,700,311.5944476685778,-85,-85,-85,-85,1350,700,352.80305120250216,9.321806553655158,circular
324,1100,700,311.5944476685778,-85,-85,-85,-85,1350,700,2.1248577561573256,9.321806553655158,circular
325,1100,700,311.5944476685778,-85,-85,-85,-85,1350,700,11.446664309812483,9.321806553655158,circular
326,1100,700,311.5944476685778,-85,-85,-85,-85,1350,700,20.76847086346764,9.321806553655158,circular
327,1100,700,311.5944476685778,-85,-85,-85,-85,1350,700,30.0902774171228,9.321806553655158,circular
328,1100,700,311.5944476685778,-85,-85,-85,-85,1350,700,39.41208397077796,9.321806553655158,circular
329,1100,700,311.5944476685778,-85,-85,-85,-85,1350,700,48.733890524433114,9.321806553655158,circular
330,1100,700,311.5944476685778,-85,-85,-85,-85,1350,700,58.05569707808827,9.321806553655158,circular
331,1100,700,311.5944476685778,-85,-85,-85,-85,1350,700,67.37750363174342,9.321806553655158,circular
332,1100,700,311.5944476685778,-85,-85,-85,-85,1350,700,76.69931018539859,9.321806553655158,circular
333,1100,700,311.5944476685778,-85,-85,-85,-85,1350,700,86.02111673905375,9.321806553655158,circular
334,1100,700,311.5944476685778,-85,-85,-85,-85,1350,700,95.34292329270892,9.321806553655158,circular
335,1100,700,311.5944476685778,-85,-85,-85,-85,1350,700,104.66472984636408,9.321806553655158,circular
336,1100,700,311.5944476685778,-85,-85,-85,-85,1350,700,113.98653640001925,9.321806553655158,circular
337,1100,700,311.5944476685778,-85,-85,-85,-85,1350,700,123.30834295367441,9.321806553655158,circular
338,1100,700,311.5944476685778,-85,-85,-85,-85,1350,700,132.63014950732958,9.321806553655158,circular
339,1100,700,311.5944476685778,-85,-85,-85,-85,1350,700,141.95195606098474,9.321806553655158,circular
340,1100,700,311.5944476685778,19.91435422725632,21.41811930585211,-85,-85,1350,700,151.2737626146399,9.321806553655158,circular
341,1100,700,311.5944476685778,23.553218972269416,23.971022246457757,-85,-85,1350,700,160.59556916829507,9.321806553655158,circular
342,1100,700,311.5944476685778,25.042923900792417,25.26334459461691,-85,-85,1350,700,169.91737572195024,9.321806553655158,circular
343,1100,700,311.5944476685778,25.80746062382631,25.946643644493044,-85,-85,1350,700,179.2391822756054,9.321806553655158,circular
344,1100,700,311.5944476685778,26.077602459396946,26.074956048612798,-85,-85,1350,700,188.56098882926057,9.321806553655158,circular
345,1100,700,311.5944476685778,25.906018829630398,25.807460623826316,-85,-85,1350,700,197.88279538291573,9.321806553655158,circular
346,1100,700,311.5944476685778,25.263344594616918,24.92014212493214,-85,-85,1350,700,207.2046019365709,9.321806553655158,circular
347,1100,700,311.5944476685778,23.769789312347285,23.319699537123853,-85,-85,1350,700,216.52640849022606,9.321806553655158,circular
348,1100,700,311.5944476685778,20.97742610025735,19.914354227256315,-85,-85,1350,700,225.84821504388123,9.321806553655158,circular
349,1100,700,311.5944476685778,-85,-85,-85,-85,1350,700,235.1700215975364,9.321806553655158,circular
350,1100,700,311.5944476685778,-85,-85,-85,-85,1350,700,244.49182815119156,9.321806553655158,circular
351,1100,700,311.5944476685778,-85,-85,-85,-85,1350,700,253.81363470484672,9.321806553655158,circular
352,1100,700,311.5944476685778,-85,-85,-85,-85,1350,700,263.1354412585019,9.321806553655158,circular
353,1100,700,311.5944476685778,-85,-85,-85,-85,1350,700,272.45724781215705,9.321806553655158,circular
354,1100,700,311.5944476685778,-85,-85,-85,-85,1350,700,281.7790543658122,9.321806553655158,circular
355,1100,700,311.5944476685778,-85,-85,-85,-85,1350,700,291.1008609194674,9.321806553655158,circular
356,1100,700,311.5944476685778,-85,-85,-85,-85,1350,700,300.42266747312254,9.321806553655158,circular
357,1100,700,311.5944476685778,-85,-85,-85,-85,1350,700,309.7444740267777,9.321806553655158,circular
358,1100,700,311.5944476685778,-85,-85,-85,-85,1350,700,319.0662805804329,9.321806553655158,circular
359,1100,700,311.5944476685778,-85,-85,-85,-85,1350,700,328.38808713408804,9.321806553655158,circular
360,1100,700,311.5944476685778,-85,-85,-85,-85,1350,700,337.7098936877432,9.321806553655158,circular
361,1100,700,311.5944476685778,-85,-85,-85,-85,1350,700,347.03170024139837,9.321806553655158,circular
362,1100,700,311.5944476685778,-85,-85,-85,-85,1350,700,356.35350679505353,9.321806553655158,circular
363,1100,700,311.5944476685778,-85,-85,-85,-85,1350,700,5.675313348708698,9.321806553655158,circular
364,1100,700,311.5944476685778,-85,-85,-85,-85,1350,700,14.997119902363856,9.321806553655158,circular
365,1100,700,311.5944476685778,-85,-85,-85,-85,1350,700,24.318926456019014,9.321806553655158,circular
366,1100,700,311.5944476685778,-85,-85,-85,-85,1350,700,33.64073300967417,9.321806553655158,circular
367,1100,700,311.5944476685778,-85,-85,-85,-85,1350,700,42.96253956332933,9.321806553655158,circular
368,1100,700,311.5944476685778,-85,-85,-85,-85,1350,700,52.28434611698449,9.321806553655158,circular
369,1100,700,311.5944476685778,-85,-85,-85,-85,1350,700,61.606152670639645,9.321806553655158,circular
370,1100,700,311.5944476685778,-85,-85,-85,-85,1350,700,70.9279592242948,9.321806553655158,circular
371,1100,700,311.5944476685778,-85,-85,-85,-85,1350,700,80.24976577794996,9.321806553655158,circular
372,1100,700,311.5944476685778,-85,-85,-85,-85,1350,700,89.57157233160513,9.321806553655158,circular
373,1100,700,311.5944476685778,-85,-85,-85,-85,1350,700,98.89337888526029,9.321806553655158,circular
374,1100,700,311.5944476685778,-85,-85,-85,-85,1350,700,108.21518543891546,9.321806553655158,circular
375,1100,700,311.5944476685778,-85,-85,-85,-85,1350,700,117.53699199257062,9.321806553655158,circular
376,1100,700,311.5944476685778,-85,-85,-85,-85,1350,700,126.85879854622578,9.321806553655158,circular
377,1100,700,311.5944476685778,-85,-85,-85,-85,1350,700,136.18060509988095,9.321806553655158,circular
378,1100,700,311.5944476685778,14.513447644213304,17.513155499392102,-85,-85,1350,700,145.50241165353611,9.321806553655158,circular
379,1100,700,311.5944476685778,21.813356630230874,22.496022074683278,-85,-85,1350,700,154.82421820719128,9.321806553655158,circular
380,1100,700,311.5944476685778,24.1582774269213,24.646943359767004,-85,-85,1350,700,164.14602476084644,9.321806553655158,circular
381,1100,700,311.5944476685778,25.452908776355446,25.614204328866276,-85,-85,1350,700,173.4678313145016,9.321806553655158,circular
382,1100,700,311.5944476685778,25.9816463993744,26.035130213615616,-85,-85,1350,700,182.78963786815677,9.321806553655158,circular
383,1100,700,311.5944476685778,26.067010357935978,26.011117049096303,-85,-85,1350,700,192.11144442181194,9.321806553655158,circular
384,1100,700,311.5944476685778,25.7492610641292,25.536951728381826,-85,-85,1350,700,201.4332509754671,9.321806553655158,circular
385,1100,700,311.5944476685778,24.788337040832293,24.495315191602927,-85,-85,1350,700,210.75505752912227,9.321806553655158,circular
386,1100,700,311.5944476685778,23.067302502757133,22.170735458799452,-85,-85,1350,700,220.07686408277743,9.321806553655158,circular
387,1100,700,311.5944476685778,19.25639156218219,16.269948115724716,-85,-85,1350,700,229.3986706364326,9.321806553655158,circular
388,1100,700,311.5944476685778,-85,-85,-85,-85,1350,700,238.72047719008776,9.321806553655158,circular
389,1100,700,311.5944476685778,-85,-85,-85,-85,1350,700,248.04228374374293,9.321806553655158,circular
390,1100,700,311.5944476685778,-85,-85,-85,-85,1350,700,257.3640902973981,9.321806553655158,circular
391,1100,700,311.5944476685778,-85,-85,-85,-85,1350,700,266.68589685105326,9.321806553655158,circular
392,1100,700,311.5944476685778,-85,-85,-85,-85,1350,700,276.0077034047084,9.321806553655158,circular
393,1100,700,311.5944476685778,-85,-85,-85,-85,1350,700,285.3295099583636,9.321806553655158,circular
394,1100,700,311.5944476685778,-85,-85,-85,-85,1350,700,294.65131651201875,9.321806553655158,circular
395,1100,700,311.5944476685778,-85,-85,-85,-85,1350,700,303.9731230656739,9.321806553655158,circular
396,1100,700,311.5944476685778,-85,-85,-85,-85,1350,700,313.2949296193291,9.321806553655158,circular
397,1100,700,311.5944476685778,-85,-85,-85,-85,1350,700,322.61673617298425,9.321806553655158,circular
398,1100,700,311.5944476685778,-85,-85,-85,-85,1350,700,331.9385427266394,9.321806553655158,circular
399,1100,700,311.5944476685778,-85,-85,-85,-85,1350,700,341.2603492802946,9.321806553655158,circular
400,1100,700,311.5944476685778,-85,-85,-85,-85,1350,700,350.58215583394974,9.321806553655158,circular
401,1100,700,311.5944476685778,-85,-85,-85,-85,1350,700,359.9039623876049,9.321806553655158,circular
402,1100,700,311.5944476685778,-85,-85,-85,-85,1350,700,9.225768941260071,9.321806553655158,circular
403,1100,700,311.5944476685778,-85,-85,-85,-85,1350,700,18.54757549491523,9.321806553655158,circular
404,1100,700,311.5944476685778,-85,-85,-85,-85,1350,700,27.869382048570387,9.321806553655158,circular
405,1100,700,311.5944476685778,-85,-85,-85,-85,1350,700,37.191188602225544,9.321806553655158,circular
406,1100,700,311.5944476685778,-85,-85,-85,-85,1350,700,46.5129951558807,9.321806553655158,circular
407,1100,700,311.5944476685778,-85,-85,-85,-85,1350,700,55.83480170953586,9.321806553655158,circular
408,1100,700,311.5944476685778,-85,-85,-85,-85,1350,700,65.15660826319102,9.321806553655158,circular
409,1100,700,311.5944476685778,-85,-85,-85,-85,1350,700,74.47841481684617,9.321806553655158,circular
410,1100,700,311.5944476685778,-85,-85,-85,-85,1350,700,83.80022137050133,9.321806553655158,circular
411,1100,700,311.5944476685778,-85,-85,-85,-85,1350,700,93.1220279241565,9.321806553655158,circular
412,1100,700,311.5944476685778,-85,-85,-85,-85,1350,700,102.44383447781166,9.321806553655158,circular
413,1100,700,311.5944476685778,-85,-85,-85,-85,1350,700,111.76564103146683,9.321806553655158,circular
414,1100,700,311.5944476685778,-85,-85,-85,-85,1350,700,121.08744758512199,9.321806553655158,circular
415,1100,700,311.5944476685778,-85,-85,-85,-85,1350,700,130.40925413877716,9.321806553655158,circular
416,1100,700,311.5944476685778,-85,-85,-85,-85,1350,700,139.73106069243232,9.321806553655158,circular
417,1100,700,311.5944476685778,18.47430475951294,20.48098321025059,-85,-85,1350,700,149.0528672460875,9.321806553655158,circular
418,1100,700,311.5944476685778,22.793695368992218,23.553218972269416,-85,-85,1350,700,158.37467379974265,9.321806553655158,circular
419,1100,700,311.5944476685778,24.78833704083229,25.042923900792417,-85,-85,1350,700,167.69648035339782,9.321806553655158,circular
420,1100,700,311.5944476685778,25.684904084789974,25.80746062382631,-85,-85,1350,700,177.01828690705298,9.321806553655158,circular
421,1100,700,311.5944476685778,26.053745949214605,26.077602459396946,-85,-85,1350,700,186.34009346070815,9.321806553655158,circular
422,1100,700,311.5944476685778,25.9816463993744,25.906018829630398,-85,-85,1350,700,195.6619000143633,9.321806553655158,circular
423,1100,700,311.5944476685778,25.452908776355446,25.263344594616918,-85,-85,1350,700,204.98370656801848,9.321806553655158,circular
424,1100,700,311.5944476685778,24.332711411139446,23.769789312347285,-85,-85,1350,700,214.30551312167364,9.321806553655158,circular
425,1100,700,311.5944476685778,21.81335663023087,20.97742610025735,-85,-85,1350,700,223.6273196753288,9.321806553655158,circular
426,1100,700,311.5944476685778,14.513447644213265,-85,-85,-85,1350,700,232.94912622898397,9.321806553655158,circular
427,1100,700,311.5944476685778,-85,-85,-85,-85,1350,700,242.27093278263914,9.321806553655158,circular
428,1100,700,311.5944476685778,-85,-85,-85,-85,1350,700,251.5927393362943,9.321806553655158,circular
429,1100,700,311.5944476685778,-85,-85,-85,-85,1350,700,260.91454588994947,9.321806553655158,circular
430,1100,700,311.5944476685778,-85,-85,-85,-85,1350,700,270.23635244360463,9.321806553655158,circular
431,1100,700,311.5944476685778,-85,-85,-85,-85,1350,700,279.5581589972598,9.321806553655158,circular
432,1100,700,311.5944476685778,-85,-85,-85,-85,1350,700,288.87996555091496,9.321806553655158,circular
433,1100,700,311.5944476685778,-85,-85,-85,-85,1350,700,298.2017721045701,9.321806553655158,circular
434,1100,700,311.5944476685778,-85,-85,-85,-85,1350,700,307.5235786582253,9.321806553655158,circular
435,1100,700,311.5944476685778,-85,-85,-85,-85,1350,700,316.84538521188045,9.321806553655158,circular
436,1100,700,311.5944476685778,-85,-85,-85,-85,1350,700,326.1671917655356,9.321806553655158,circular
437,1100,700,311.5944476685778,-85,-85,-85,-85,1350,700,335.4889983191908,9.321806553655158,circular
438,1100,700,311.5944476685778,-85,-85,-85,-85,1350,700,344.81080487284595,9.321806553655158,circular
439,1100,700,311.5944476685778,-85,-85,-85,-85,1350,700,354.1326114265011,9.321806553655158,circular
440,1100,700,311.5944476685778,-85,-85,-85,-85,1350,700,3.454417980156279,9.321806553655158,circular
441,1100,700,311.5944476685778,-85,-85,-85,-85,1350,700,12.776224533811437,9.321806553655158,circular
442,1100,700,311.5944476685778,-85,-85,-85,-85,1350,700,22.098031087466595,9.321806553655158,circular
443,1100,700,311.5944476685778,-85,-85,-85,-85,1350,700,31.419837641121752,9.321806553655158,circular
444,1100,700,311.5944476685778,-85,-85,-85,-85,1350,700,40.74164419477691,9.321806553655158,circular
445,1100,700,311.5944476685778,-85,-85,-85,-85,1350,700,50.06345074843207,9.321806553655158,circular
446,1100,700,311.5944476685778,-85,-85,-85,-85,1350,700,59.385257302087226,9.321806553655158,circular
447,1100,700,311.5944476685778,-85,-85,-85,-85,1350,700,68.70706385574238,9.321806553655158,circular
448,1100,700,311.5944476685778,-85,-85,-85,-85,1350,700,78.02887040939754,9.321806553655158,circular
449,1100,700,311.5944476685778,-85,-85,-85,-85,1350,700,87.3506769630527,9.321806553655158,circular
450,1100,700,311.5944476685778,-85,-85,-85,-85,1350,700,96.67248351670787,9.321806553655158,circular
451,1100,700,311.5944476685778,-85,-85,-85,-85,1350,700,105.99429007036304,9.321806553655158,circular
452,1100,700,311.5944476685778,-85,-85,-85,-85,1350,700,115.3160966240182,9.321806553655158,circular
453,1100,700,311.5944476685778,-85,-85,-85,-85,1350,700,124.63790317767337,9.321806553655158,circular
454,1100,700,311.5944476685778,-85,-85,-85,-85,1350,700,133.95970973132853,9.321806553655158,circular
455,1100,700,311.5944476685778,-85,14.513447644213304,-85,-85,1350,700,143.2815162849837,9.321806553655158,circular
456,1100,700,311.5944476685778,20.97742610025734,21.813356630230874,-85,-85,1350,700,152.60332283863886,9.321806553655158,circular
457,1100,700,311.5944476685778,23.769789312347285,24.1582774269213,-85,-85,1350,700,161.92512939229402,9.321806553655158,circular
458,1100,700,311.5944476685778,25.157178905256924,25.452908776355446,-85,-85,1350,700,171.2469359459492,9.321806553655158,circular
459,1100,700,311.5944476685778,25.906018829630398,25.9816463993744,-85,-85,1350,700,180.56874249960435,9.321806553655158,circular
460,1100,700,311.5944476685778,26.077602459396946,26.067010357935978,-85,-85,1350,700,189.89054905325952,9.321806553655158,circular
461,1100,700,311.5944476685778,25.859665714847075,25.684904084789977,-85,-85,1350,700,199.21235560691468,9.321806553655158,circular
462,1100,700,311.5944476685778,25.042923900792417,24.788337040832293,-85,-85,1350,700,208.53416216056985,9.321806553655158,circular
463,1100,700,311.5944476685778,23.553218972269416,23.067302502757133,-85,-85,1350,700,217.855968714225,9.321806553655158,circular
464,1100,700,311.5944476685778,20.48098321025059,18.474304759512954,-85,-85,1350,700,227.17777526788018,9.321806553655158,circular
465,1100,700,311.5944476685778,-85,-85,-85,-85,1350,700,236.49958182153534,9.321806553655158,circular
466,1100,700,311.5944476685778,-85,-85,-85,-85,1350,700,245.8213883751905,9.321806553655158,circular
467,1100,700,311.5944476685778,-85,-85,-85,-85,1350,700,255.14319492884567,9.321806553655158,circular
468,1100,700,311.5944476685778,-85,-85,-85,-85,1350,700,264.46500148250084,9.321806553655158,circular
469,1100,700,311.5944476685778,-85,-85,-85,-85,1350,700,273.786808036156,9.321806553655158,circular
470,1100,700,311.5944476685778,-85,-85,-85,-85,1350,700,283.10861458981117,9.321806553655158,circular
471,1100,700,311.5944476685778,-85,-85,-85,-85,1350,700,292.43042114346633,9.321806553655158,circular
472,1100,700,311.5944476685778,-85,-85,-85,-85,1350,700,301.7522276971215,9.321806553655158,circular
473,1100,700,311.5944476685778,-85,-85,-85,-85,1350,700,311.07403425077666,9.321806553655158,circular
474,1100,700,311.5944476685778,-85,-85,-85,-85,1350,700,320.3958408044318,9.321806553655158,circular
475,1100,700,311.5944476685778,-85,-85,-85,-85,1350,700,329.717647358087,9.321806553655158,circular
476,1100,700,311.5944476685778,-85,-85,-85,-85,1350,700,339.03945391174216,9.321806553655158,circular
477,1100,700,311.5944476685778,-85,-85,-85,-85,1350,700,348.3612604653973,9.321806553655158,circular
478,1100,700,311.5944476685778,-85,-85,-85,-85,1350,700,357.6830670190525,9.321806553655158,circular
479,1100,700,311.5944476685778,-85,-85,-85,-85,1350,700,7.004873572707652,9.321806553655158,circular
480,1100,700,311.5944476685778,-85,-85,-85,-85,1350,700,16.32668012636281,9.321806553655158,circular
481,1100,700,311.5944476685778,-85,-85,-85,-85,1350,700,25.648486680017967,9.321806553655158,circular
482,1100,700,311.5944476685778,-85,-85,-85,-85,1350,700,34.970293233673125,9.321806553655158,circular
483,1100,700,311.5944476685778,-85,-85,-85,-85,1350,700,44.29209978732828,9.321806553655158,circular
484,1100,700,311.5944476685778,-85,-85,-85,-85,1350,700,53.61390634098344,9.321806553655158,circular
485,1100,700,311.5944476685778,-85,-85,-85,-85,1350,700,62.9357128946386,9.321806553655158,circular
486,1100,700,311.5944476685778,-85,-85,-85,-85,1350,700,72.25751944829375,9.321806553655158,circular
487,1100,700,311.5944476685778,-85,-85,-85,-85,1350,700,81.57932600194891,9.321806553655158,circular
488,1100,700,311.5944476685778,-85,-85,-85,-85,1350,700,90.90113255560408,9.321806553655158,circular
489,1100,700,311.5944476685778,-85,-85,-85,-85,1350,700,100.22293910925924,9.321806553655158,circular
490,1100,700,311.5944476685778,-85,-85,-85,-85,1350,700,109.54474566291441,9.321806553655158,circular
491,1100,700,311.5944476685778,-85,-85,-85,-85,1350,700,118.86655221656957,9.321806553655158,circular
492,1100,700,311.5944476685778,-85,-85,-85,-85,1350,700,128.18835877022474,9.321806553655158,circular
493,1100,700,311.5944476685778,-85,-85,-85,-85,1350,700,137.5101653238799,9.321806553655158,circular
494,1100,700,311.5944476685778,16.269948115724727,18.47430475951294,-85,-85,1350,700,146.83197187753507,9.321806553655158,circular
495,1100,700,311.5944476685778,22.170735458799452,23.06730250275713,-85,-85,1350,700,156.15377843119023,9.321806553655158,circular
496,1100,700,311.5944476685778,24.495315191602927,24.78833704083229,-85,-85,1350,700,165.4755849848454,9.321806553655158,circular
497,1100,700,311.5944476685778,25.536951728381826,25.684904084789974,-85,-85,1350,700,174.79739153850056,9.321806553655158,circular
498,1100,700,311.5944476685778,26.011117049096303,26.067010357935978,-85,-85,1350,700,184.11919809215573,9.321806553655158,circular
499,1100,700,311.5944476685778,26.053745949214605,25.9816463993744,-85,-85,1350,700,193.4410046458109,9.321806553655158,circular
500,1100,700,311.5944476685778,25.614204328866276,25.452908776355446,-85,-85,1350,700,202.76281119946606,9.321806553655158,circular
501,1100,700,311.5944476685778,24.646943359767004,24.1582774269213,-85,-85,1350,700,212.08461775312122,9.321806553655158,circular
502,1100,700,311.5944476685778,22.793695368992225,21.81335663023087,-85,-85,1350,700,221.4064243067764,9.321806553655158,circular
503,1100,700,311.5944476685778,17.51315549939211,14.513447644213265,-85,-85,1350,700,230.72823086043155,9.321806553655158,circular
504,1100,700,311.5944476685778,-85,-85,-85,-85,1350,700,240.05003741408672,9.321806553655158,circular
505,1100,700,311.5944476685778,-85,-85,-85,-85,1350,700,249.37184396774188,9.321806553655158,circular
506,1100,700,311.5944476685778,-85,-85,-85,-85,1350,700,258.69365052139705,9.321806553655158,circular
507,1100,700,311.5944476685778,-85,-85,-85,-85,1350,700,268.0154570750522,9.321806553655158,circular
508,1100,700,311.5944476685778,-85,-85,-85,-85,1350,700,277.3372636287074,9.321806553655158,circular
509,1100,700,311.5944476685778,-85,-85,-85,-85,1350,700,286.65907018236254,9.321806553655158,circular
510,1100,700,311.5944476685778,-85,-85,-85,-85,1350,700,295.9808767360177,9.321806553655158,circular
511,1100,700,311.5944476685778,-85,-85,-85,-85,1350,700,305.30268328967287,9.321806553655158,circular
512,1100,700,311.5944476685778,-85,-85,-85,-85,1350,700,314.62448984332804,9.321806553655158,circular
513,1100,700,311.5944476685778,-85,-85,-85,-85,1350,700,323.9462963969832,9.321806553655158,circular
514,1100,700,311.5944476685778,-85,-85,-85,-85,1350,700,333.26810295063837,9.321806553655158,circular
515,1100,700,311.5944476685778,-85,-85,-85,-85,1350,700,342.58990950429353,9.321806553655158,circular
516,1100,700,311.5944476685778,-85,-85,-85,-85,1350,700,351.9117160579487,9.321806553655158,circular
517,1100,700,311.5944476685778,-85,-85,-85,-85,1350,700,1.2335226116038598,9.321806553655158,circular
518,1100,700,311.5944476685778,-85,-85,-85,-85,1350,700,10.555329165259018,9.321806553655158,circular
519,1100,700,311.5944476685778,-85,-85,-85,-85,1350,700,19.877135718914175,9.321806553655158,circular
520,1100,700,311.5944476685778,-85,-85,-85,-85,1350,700,29.198942272569333,9.321806553655158,circular
521,1100,700,311.5944476685778,-85,-85,-85,-85,1350,700,38.52074882622449,9.321806553655158,circular
522,1100,700,311.5944476685778,-85,-85,-85,-85,1350,700,47.84255537987965,9.321806553655158,circular
523,1100,700,311.5944476685778,-85,-85,-85,-85,1350,700,57.164361933534806,9.321806553655158,circular
524,1100,700,311.5944476685778,-85,-85,-85,-85,1350,700,66.48616848718996,9.321806553655158,circular
525,1100,700,311.5944476685778,-85,-85,-85,-85,1350,700,75.80797504084512,9.321806553655158,circular
526,1100,700,311.5944476685778,-85,-85,-85,-85,1350,700,85.12978159450029,9.321806553655158,circular
527,1100,700,311.5944476685778,-85,-85,-85,-85,1350,700,94.45158814815545,9.321806553655158,circular
528,1100,700,311.5944476685778,-85,-85,-85,-85,1350,700,103.77339470181062,9.321806553655158,circular
529,1100,700,311.5944476685778,-85,-85,-85,-85,1350,700,113.09520125546578,9.321806553655158,circular
530,1100,700,311.5944476685778,-85,-85,-85,-85,1350,700,122.41700780912095,9.321806553655158,circular
531,1100,700,311.5944476685778,-85,-85,-85,-85,1350,700,131.7388143627761,9.321806553655158,circular
532,1100,700,311.5944476685778,-85,-85,-85,-85,1350,700,141.06062091643128,9.321806553655158,circular
533,1100,700,311.5944476685778,19.25639156218217,20.97742610025734,-85,-85,1350,700,150.38242747008644,9.321806553655158,circular
534,1100,700,311.5944476685778,23.31969953712386,23.769789312347285,-85,-85,1350,700,159.7042340237416,9.321806553655158,circular
535,1100,700,311.5944476685778,24.92014212493214,25.157178905256924,-85,-85,1350,700,169.02604057739677,9.321806553655158,circular
536,1100,700,311.5944476685778,25.7492610641292,25.906018829630398,-85,-85,1350,700,178.34784713105194,9.321806553655158,circular
537,1100,700,311.5944476685778,26.074956048612798,26.077602459396946,-85,-85,1350,700,187.6696536847071,9.321806553655158,circular
538,1100,700,311.5944476685778,25.946643644493044,25.859665714847075,-85,-85,1350,700,196.99146023836227,9.321806553655158,circular
539,1100,700,311.5944476685778,25.361807294499556,25.042923900792417,-85,-85,1350,700,206.31326679201743,9.321806553655158,circular
540,1100,700,311.5944476685778,23.97102224645776,23.553218972269416,-85,-85,1350,700,215.6350733456726,9.321806553655158,circular
541,1100,700,311.5944476685778,21.418119305852123,20.48098321025059,-85,-85,1350,700,224.95687989932776,9.321806553655158,circular
542,1100,700,311.5944476685778,11.50579409835762,-85,-85,-85,1350,700,234.27868645298292,9.321806553655158,circular
543,1100,700,311.5944476685778,-85,-85,-85,-85,1350,700,243.6004930066381,9.321806553655158,circular
544,1100,700,311.5944476685778,-85,-85,-85,-85,1350,700,252.92229956029325,9.321806553655158,circular
545,1100,700,311.5944476685778,-85,-85,-85,-85,1350,700,262.2441061139484,9.321806553655158,circular
546,1100,700,311.5944476685778,-85,-85,-85,-85,1350,700,271.5659126676036,9.321806553655158,circular
547,1100,700,311.5944476685778,-85,-85,-85,-85,1350,700,280.88771922125875,9.321806553655158,circular
548,1100,700,311.5944476685778,-85,-85,-85,-85,1350,700,290.2095257749139,9.321806553655158,circular
549,1100,700,311.5944476685778,-85,-85,-85,-85,1350,700,299.5313323285691,9.321806553655158,circular
550,1100,700,311.5944476685778,-85,-85,-85,-85,1350,700,308.85313888222424,9.321806553655158,circular
551,1100,700,311.5944476685778,-85,-85,-85,-85,1350,700,318.1749454358794,9.321806553655158,circular
552,1100,700,311.5944476685778,-85,-85,-85,-85,1350,700,327.4967519895346,9.321806553655158,circular
553,1100,700,311.5944476685778,-85,-85,-85,-85,1350,700,336.81855854318974,9.321806553655158,circular
554,1100,700,311.5944476685778,-85,-85,-85,-85,1350,700,346.1403650968449,9.321806553655158,circular
555,1100,700,311.5944476685778,-85,-85,-85,-85,1350,700,355.46217165050007,9.321806553655158,circular
556,1100,700,311.5944476685778,-85,-85,-85,-85,1350,700,4.783978204155233,9.321806553655158,circular
557,1100,700,311.5944476685778,-85,-85,-85,-85,1350,700,14.10578475781039,9.321806553655158,circular
558,1100,700,311.5944476685778,-85,-85,-85,-85,1350,700,23.427591311465548,9.321806553655158,circular
559,1100,700,311.5944476685778,-85,-85,-85,-85,1350,700,32.749397865120706,9.321806553655158,circular
560,1100,700,311.5944476685778,-85,-85,-85,-85,1350,700,42.071204418775864,9.321806553655158,circular
561,1100,700,311.5944476685778,-85,-85,-85,-85,1350,700,51.39301097243102,9.321806553655158,circular
562,1100,700,311.5944476685778,-85,-85,-85,-85,1350,700,60.71481752608618,9.321806553655158,circular
563,1100,700,311.5944476685778,-85,-85,-85,-85,1350,700,70.03662407974133,9.321806553655158,circular
564,1100,700,311.5944476685778,-85,-85,-85,-85,1350,700,79.3584306333965,9.321806553655158,circular
565,1100,700,311.5944476685778,-85,-85,-85,-85,1350,700,88.68023718705166,9.321806553655158,circular
566,1100,700,311.5944476685778,-85,-85,-85,-85,1350,700,98.00204374070682,9.321806553655158,circular
567,1100,700,311.5944476685778,-85,-85,-85,-85,1350,700,107.32385029436199,9.321806553655158,circular
568,1100,700,311.5944476685778,-85,-85,-85,-85,1350,700,116.64565684801715,9.321806553655158,circular
569,1100,700,311.5944476685778,-85,-85,-85,-85,1350,700,125.96746340167232,9.321806553655158,circular
570,1100,700,311.5944476685778,-85,-85,-85,-85,1350,700,135.28926995532748,9.321806553655158,circular
571,1100,700,311.5944476685778,11.505794098357505,16.269948115724727,-85,-85,1350,700,144.61107650898265,9.321806553655158,circular
572,1100,700,311.5944476685778,21.41811930585211,22.170735458799452,-85,-85,1350,700,153.9328830626378,9.321806553655158,circular
573,1100,700,311.5944476685778,23.971022246457757,24.495315191602927,-85,-85,1350,700,163.25468961629298,9.321806553655158,circular
574,1100,700,311.5944476685778,25.36180729449956,25.536951728381826,-85,-85,1350,700,172.57649616994814,9.321806553655158,circular
575,1100,700,311.5944476685778,25.946643644493044,26.011117049096303,-85,-85,1350,700,181.8983027236033,9.321806553655158,circular
576,1100,700,311.5944476685778,26.074956048612798,26.035130213615616,-85,-85,1350,700,191.22010927725847,9.321806553655158,circular
577,1100,700,311.5944476685778,25.7492610641292,25.614204328866276,-85,-85,1350,700,200.54191583091364,9.321806553655158,circular
578,1100,700,311.5944476685778,24.92014212493214,24.646943359767004,-85,-85,1350,700,209.8637223845688,9.321806553655158,circular
579,1100,700,311.5944476685778,23.319699537123853,22.496022074683278,-85,-85,1350,700,219.18552893822397,9.321806553655158,circular
580,1100,700,311.5944476685778,19.25639156218219,17.51315549939211,-85,-85,1350,700,228.50733549187913,9.321806553655158,circular
581,1100,700,311.5944476685778,-85,-85,-85,-85,1350,700,237.8291420455343,9.321806553655158,circular
582,1100,700,311.5944476685778,-85,-85,-85,-85,1350,700,247.15094859918946,9.321806553655158,circular
583,1100,700,311.5944476685778,-85,-85,-85,-85,1350,700,256.4727551528446,9.321806553655158,circular
584,1100,700,311.5944476685778,-85,-85,-85,-85,1350,700,265.7945617064998,9.321806553655158,circular
585,1100,700,311.5944476685778,-85,-85,-85,-85,1350,700,275.11636826015496,9.321806553655158,circular
586,1100,700,311.5944476685778,-85,-85,-85,-85,1350,700,284.4381748138101,9.321806553655158,circular
587,1100,700,311.5944476685778,-85,-85,-85,-85,1350,700,293.7599813674653,9.321806553655158,circular
588,1100,700,311.5944476685778,-85,-85,-85,-85,1350,700,303.08178792112045,9.321806553655158,circular
589,1100,700,311.5944476685778,-85,-85,-85,-85,1350,700,312.4035944747756,9.321806553655158,circular
590,1100,700,311.5944476685778,-85,-85,-85,-85,1350,700,321.7254010284308,9.321806553655158,circular
591,1100,700,311.5944476685778,-85,-85,-85,-85,1350,700,331.04720758208595,9.321806553655158,circular
592,1100,700,311.5944476685778,-85,-85,-85,-85,1350,700,340.3690141357411,9.321806553655158,circular
593,1100,700,311.5944476685778,-85,-85,-85,-85,1350,700,349.6908206893963,9.321806553655158,circular
594,1100,700,311.5944476685778,-85,-85,-85,-85,1350,700,359.01262724305144,9.321806553655158,circular
595,1100,700,311.5944476685778,-85,-85,-85,-85,1350,700,8.334433796706605,9.321806553655158,circular
596,1100,700,311.5944476685778,-85,-85,-85,-85,1350,700,17.656240350361763,9.321806553655158,circular
597,1100,700,311.5944476685778,-85,-85,-85,-85,1350,700,26.97804690401692,9.321806553655158,circular
598,1100,700,311.5944476685778,-85,-85,-85,-85,1350,700,36.29985345767208,9.321806553655158,circular
599,1100,700,311.5944476685778,-85,-85,-85,-85,1350,700,45.621660011327236,9.321806553655158,circular
600,1100,700,311.5944476685778,-85,-85,-85,-85,1350,700,54.943466564982394,9.321806553655158,circular
601,1100,700,311.5944476685778,-85,-85,-85,-85,1350,700,64.26527311863755,9.321806553655158,circular
602,1100,700,311.5944476685778,-85,-85,-85,-85,1350,700,73.5870796722927,9.321806553655158,circular
603,1100,700,311.5944476685778,-85,-85,-85,-85,1350,700,82.90888622594787,9.321806553655158,circular
604,1100,700,311.5944476685778,-85,-85,-85,-85,1350,700,92.23069277960303,9.321806553655158,circular
605,1100,700,311.5944476685778,-85,-85,-85,-85,1350,700,101.5524993332582,9.321806553655158,circular
606,1100,700,311.5944476685778,-85,-85,-85,-85,1350,700,110.87430588691336,9.321806553655158,circular
607,1100,700,311.5944476685778,-85,-85,-85,-85,1350,700,120.19611244056853,9.321806553655158,circular
608,1100,700,311.5944476685778,-85,-85,-85,-85,1350,700,129.5179189942237,9.321806553655158,circular
609,1100,700,311.5944476685778,-85,-85,-85,-85,1350,700,138.83972554787886,9.321806553655158,circular
610,1100,700,311.5944476685778,17.513155499392102,19.91435422725632,-85,-85,1350,700,148.16153210153402,9.321806553655158,circular
611,1100,700,311.5944476685778,22.793695368992218,23.31969953712386,-85,-85,1350,700,157.4833386551892,9.321806553655158,circular
612,1100,700,311.5944476685778,24.646943359767004,24.92014212493214,-85,-85,1350,700,166.80514520884435,9.321806553655158,circular
613,1100,700,311.5944476685778,25.614204328866276,25.80746062382631,-85,-85,1350,700,176.12695176249952,9.321806553655158,circular
614,1100,700,311.5944476685778,26.035130213615616,26.074956048612798,-85,-85,1350,700,185.44875831615468,9.321806553655158,circular
615,1100,700,311.5944476685778,26.011117049096303,25.946643644493044,-85,-85,1350,700,194.77056486980985,9.321806553655158,circular
616,1100,700,311.5944476685778,25.536951728381826,25.263344594616918,-85,-85,1350,700,204.092371423465,9.321806553655158,circular
617,1100,700,311.5944476685778,24.495315191602927,23.97102224645776,-85,-85,1350,700,213.41417797712018,9.321806553655158,circular
618,1100,700,311.5944476685778,22.170735458799452,21.418119305852123,-85,-85,1350,700,222.73598453077534,9.321806553655158,circular
619,1100,700,311.5944476685778,16.269948115724716,-85,-85,-85,1350,700,232.0577910844305,9.321806553655158,circular
620,1100,700,311.5944476685778,-85,-85,-85,-85,1350,700,241.37959763808567,9.321806553655158,circular
621,1100,700,311.5944476685778,-85,-85,-85,-85,1350,700,250.70140419174083,9.321806553655158,circular
622,1100,700,311.5944476685778,-85,-85,-85,-85,1350,700,260.023210745396,9.321806553655158,circular
623,1100,700,311.5944476685778,-85,-85,-85,-85,1350,700,269.34501729905116,9.321806553655158,circular
624,1100,700,311.5944476685778,-85,-85,-85,-85,1350,700,278.66682385270633,9.321806553655158,circular
625,1100,700,311.5944476685778,-85,-85,-85,-85,1350,700,287.9886304063615,9.321806553655158,circular
626,1100,700,311.5944476685778,-85,-85,-85,-85,1350,700,297.31043696001666,9.321806553655158,circular
627,1100,700,311.5944476685778,-85,-85,-85,-85,1350,700,306.6322435136718,9.321806553655158,circular
628,1100,700,311.5944476685778,-85,-85,-85,-85,1350,700,315.954050067327,9.321806553655158,circular
629,1100,700,311.5944476685778,-85,-85,-85,-85,1350,700,325.27585662098215,9.321806553655158,circular
630,1100,700,311.5944476685778,-85,-85,-85,-85,1350,700,334.5976631746373,9.321806553655158,circular
631,1100,700,311.5944476685778,-85,-85,-85,-85,1350,700,343.9194697282925,9.321806553655158,circular
632,1100,700,311.5944476685778,-85,-85,-85,-85,1350,700,353.24127628194765,9.321806553655158,circular
633,1100,700,311.5944476685778,-85,-85,-85,-85,1350,700,2.5630828356028132,9.321806553655158,circular
634,1100,700,311.5944476685778,-85,-85,-85,-85,1350,700,11.884889389257971,9.321806553655158,circular
635,1100,700,311.5944476685778,-85,-85,-85,-85,1350,700,21.20669594291313,9.321806553655158,circular
636,1100,700,311.5944476685778,-85,-85,-85,-85,1350,700,30.528502496568287,9.321806553655158,circular
637,1100,700,311.5944476685778,-85,-85,-85,-85,1350,700,39.850309050223444,9.321806553655158,circular
638,1100,700,311.5944476685778,-85,-85,-85,-85,1350,700,49.1721156038786,9.321806553655158,circular
639,1100,700,311.5944476685778,-85,-85,-85,-85,1350,700,58.49392215753376,9.321806553655158,circular
640,1100,700,311.5944476685778,-85,-85,-85,-85,1350,700,67.81572871118891,9.321806553655158,circular
641,1100,700,311.5944476685778,-85,-85,-85,-85,1350,700,77.13753526484408,9.321806553655158,circular
642,1100,700,311.5944476685778,-85,-85,-85,-85,1350,700,86.45934181849924,9.321806553655158,circular
643,1100,700,311.5944476685778,-85,-85,-85,-85,1350,700,95.7811483721544,9.321806553655158,circular
644,1100,700,311.5944476685778,-85,-85,-85,-85,1350,700,105.10295492580957,9.321806553655158,circular
645,1100,700,311.5944476685778,-85,-85,-85,-85,1350,700,114.42476147946473,9.321806553655158,circular
646,1100,700,311.5944476685778,-85,-85,-85,-85,1350,700,123.7465680331199,9.321806553655158,circular
647,1100,700,311.5944476685778,-85,-85,-85,-85,1350,700,133.06837458677506,9.321806553655158,circular
648,1100,700,311.5944476685778,-85,11.505794098357505,-85,-85,1350,700,142.39018114043023,9.321806553655158,circular
649,1100,700,311.5944476685778,20.48098321025059,21.41811930585211,-85,-85,1350,700,151.7119876940854,9.321806553655158,circular
650,1100,700,311.5944476685778,23.553218972269416,24.1582774269213,-85,-85,1350,700,161.03379424774056,9.321806553655158,circular
651,1100,700,311.5944476685778,25.042923900792417,25.36180729449956,-85,-85,1350,700,170.35560080139572,9.321806553655158,circular
652,1100,700,311.5944476685778,25.859665714847075,25.946643644493044,-85,-85,1350,700,179.6774073550509,9.321806553655158,circular
653,1100,700,311.5944476685778,26.077602459396946,26.074956048612798,-85,-85,1350,700,188.99921390870605,9.321806553655158,circular
654,1100,700,311.5944476685778,25.906018829630398,25.7492610641292,-85,-85,1350,700,198.32102046236122,9.321806553655158,circular
655,1100,700,311.5944476685778,25.157178905256924,24.92014212493214,-85,-85,1350,700,207.64282701601638,9.321806553655158,circular
656,1100,700,311.5944476685778,23.769789312347285,23.319699537123853,-85,-85,1350,700,216.96463356967155,9.321806553655158,circular
657,1100,700,311.5944476685778,20.97742610025735,19.25639156218219,-85,-85,1350,700,226.2864401233267,9.321806553655158,circular
658,1100,700,311.5944476685778,-85,-85,-85,-85,1350,700,235.60824667698188,9.321806553655158,circular
659,1100,700,311.5944476685778,-85,-85,-85,-85,1350,700,244.93005323063704,9.321806553655158,circular
660,1100,700,311.5944476685778,-85,-85,-85,-85,1350,700,254.2518597842922,9.321806553655158,circular
661,1100,700,311.5944476685778,-85,-85,-85,-85,1350,700,263.5736663379474,9.321806553655158,circular
662,1100,700,311.5944476685778,-85,-85,-85,-85,1350,700,272.89547289160254,9.321806553655158,circular
663,1100,700,311.5944476685778,-85,-85,-85,-85,1350,700,282.2172794452577,9.321806553655158,circular
664,1100,700,311.5944476685778,-85,-85,-85,-85,1350,700,291.53908599891287,9.321806553655158,circular
665,1100,700,311.5944476685778,-85,-85,-85,-85,1350,700,300.86089255256803,9.321806553655158,circular
666,1100,700,311.5944476685778,-85,-85,-85,-85,1350,700,310.1826991062232,9.321806553655158,circular
667,1100,700,311.5944476685778,-85,-85,-85,-85,1350,700,319.50450565987836,9.321806553655158,circular
668,1100,700,311.5944476685778,-85,-85,-85,-85,1350,700,328.8263122135335,9.321806553655158,circular
669,1100,700,311.5944476685778,-85,-85,-85,-85,1350,700,338.1481187671887,9.321806553655158,circular
670,1100,700,311.5944476685778,-85,-85,-85,-85,1350,700,347.46992532084386,9.321806553655158,circular
671,1100,700,311.5944476685778,-85,-85,-85,-85,1350,700,356.791731874499,9.321806553655158,circular
672,1100,700,311.5944476685778,-85,-85,-85,-85,1350,700,6.113538428154186,9.321806553655158,circular
673,1100,700,311.5944476685778,-85,-85,-85,-85,1350,700,15.435344981809344,9.321806553655158,circular
674,1100,700,311.5944476685778,-85,-85,-85,-85,1350,700,24.7571515354645,9.321806553655158,circular
675,1100,700,311.5944476685778,-85,-85,-85,-85,1350,700,34.07895808911966,9.321806553655158,circular
676,1100,700,311.5944476685778,-85,-85,-85,-85,1350,700,43.40076464277482,9.321806553655158,circular
677,1100,700,311.5944476685778,-85,-85,-85,-85,1350,700,52.722571196429975,9.321806553655158,circular
678,1100,700,311.5944476685778,-85,-85,-85,-85,1350,700,62.04437775008513,9.321806553655158,circular
679,1100,700,311.5944476685778,-85,-85,-85,-85,1350,700,71.36618430374028,9.321806553655158,circular
680,1100,700,311.5944476685778,-85,-85,-85,-85,1350,700,80.68799085739545,9.321806553655158,circular
681,1100,700,311.5944476685778,-85,-85,-85,-85,1350,700,90.00979741105061,9.321806553655158,circular
682,1100,700,311.5944476685778,-85,-85,-85,-85,1350,700,99.33160396470578,9.321806553655158,circular
683,1100,700,311.5944476685778,-85,-85,-85,-85,1350,700,108.65341051836094,9.321806553655158,circular
684,1100,700,311.5944476685778,-85,-85,-85,-85,1350,700,117.97521707201611,9.321806553655158,circular
685,1100,700,311.5944476685778,-85,-85,-85,-85,1350,700,127.29702362567127,9.321806553655158,circular
686,1100,700,311.5944476685778,-85,-85,-85,-85,1350,700,136.61883017932644,9.321806553655158,circular
687,1100,700,311.5944476685778,14.513447644213304,17.513155499392102,-85,-85,1350,700,145.9406367329816,9.321806553655158,circular
688,1100,700,311.5944476685778,21.813356630230874,22.793695368992218,-85,-85,1350,700,155.26244328663677,9.321806553655158,circular
689,1100,700,311.5944476685778,24.33271141113945,24.646943359767004,-85,-85,1350,700,164.58424984029193,9.321806553655158,circular
690,1100,700,311.5944476685778,25.452908776355446,25.614204328866276,-85,-85,1350,700,173.9060563939471,9.321806553655158,circular
691,1100,700,311.5944476685778,25.9816463993744,26.053745949214605,-85,-85,1350,700,183.22786294760226,9.321806553655158,circular
692,1100,700,311.5944476685778,26.053745949214605,26.011117049096303,-85,-85,1350,700,192.54966950125743,9.321806553655158,circular
693,1100,700,311.5944476685778,25.684904084789977,25.536951728381826,-85,-85,1350,700,201.8714760549126,9.321806553655158,circular
694,1100,700,311.5944476685778,24.788337040832293,24.332711411139446,-85,-85,1350,700,211.19328260856776,9.321806553655158,circular
695,1100,700,311.5944476685778,22.793695368992225,22.170735458799452,-85,-85,1350,700,220.51508916222292,9.321806553655158,circular
696,1100,700,311.5944476685778,18.474304759512954,16.269948115724716,-85,-85,1350,700,229.8368957158781,9.321806553655158,circular
697,1100,700,311.5944476685778,-85,-85,-85,-85,1350,700,239.15870226953325,9.321806553655158,circular
698,1100,700,311.5944476685778,-85,-85,-85,-85,1350,700,248.48050882318842,9.321806553655158,circular
699,1100,700,311.5944476685778,-85,-85,-85,-85,1350,700,257.8023153768436,9.321806553655158,circular
700,1100,700,311.5944476685778,-85,-85,-85,-85,1350,700,267.12412193049875,9.321806553655158,circular
701,1100,700,311.5944476685778,-85,-85,-85,-85,1350,700,276.4459284841539,9.321806553655158,circular
702,1100,700,311.5944476685778,-85,-85,-85,-85,1350,700,285.7677350378091,9.321806553655158,circular
703,1100,700,311.5944476685778,-85,-85,-85,-85,1350,700,295.08954159146424,9.321806553655158,circular
704,1100,700,311.5944476685778,-85,-85,-85,-85,1350,700,304.4113481451194,9.321806553655158,circular
705,1100,700,311.5944476685778,-85,-85,-85,-85,1350,700,313.73315469877457,9.321806553655158,circular
706,1100,700,311.5944476685778,-85,-85,-85,-85,1350,700,323.05496125242973,9.321806553655158,circular
707,1100,700,311.5944476685778,-85,-85,-85,-85,1350,700,332.3767678060849,9.321806553655158,circular
708,1100,700,311.5944476685778,-85,-85,-85,-85,1350,700,341.69857435974006,9.321806553655158,circular
709,1100,700,311.5944476685778,-85,-85,-85,-85,1350,700,351.02038091339523,9.321806553655158,circular
710,1100,700,311.5944476685778,-85,-85,-85,-85,1350,700,0.34218746705039393,9.321806553655158,circular
711,1100,700,311.5944476685778,-85,-85,-85,-85,1350,700,9.663994020705552,9.321806553655158,circular
712,1100,700,311.5944476685778,-85,-85,-85,-85,1350,700,18.98580057436071,9.321806553655158,circular
713,1100,700,311.5944476685778,-85,-85,-85,-85,1350,700,28.307607128015867,9.321806553655158,circular
714,1100,700,311.5944476685778,-85,-85,-85,-85,1350,700,37.629413681671025,9.321806553655158,circular
715,1100,700,311.5944476685778,-85,-85,-85,-85,1350,700,46.95122023532618,9.321806553655158,circular
716,1100,700,311.5944476685778,-85,-85,-85,-85,1350,700,56.27302678898134,9.321806553655158,circular
717,1100,700,311.5944476685778,-85,-85,-85,-85,1350,700,65.59483334263649,9.321806553655158,circular
718,1100,700,311.5944476685778,-85,-85,-85,-85,1350,700,74.91663989629166,9.321806553655158,circular
719,1100,700,311.5944476685778,-85,-85,-85,-85,1350,700,84.23844644994682,9.321806553655158,circular
720,1100,700,311.5944476685778,-85,-85,-85,-85,1350,700,93.56025300360199,9.321806553655158,circular
721,1100,700,311.5944476685778,-85,-85,-85,-85,1350,700,102.88205955725715,9.321806553655158,circular
722,1100,700,311.5944476685778,-85,-85,-85,-85,1350,700,112.20386611091232,9.321806553655158,circular
723,1100,700,311.5944476685778,-85,-85,-85,-85,1350,700,121.52567266456748,9.321806553655158,circular
724,1100,700,311.5944476685778,-85,-85,-85,-85,1350,700,130.84747921822265,9.321806553655158,circular
725,1100,700,311.5944476685778,-85,-85,-85,-85,1350,700,140.1692857718778,9.321806553655158,circular
726,1100,700,311.5944476685778,19.25639156218217,20.48098321025059,-85,-85,1350,700,149.49109232553297,9.321806553655158,circular
727,1100,700,311.5944476685778,23.06730250275713,23.553218972269416,-85,-85,1350,700,158.81289887918814,9.321806553655158,circular
728,1100,700,311.5944476685778,24.78833704083229,25.157178905256924,-85,-85,1350,700,168.1347054328433,9.321806553655158,circular
729,1100,700,311.5944476685778,25.684904084789974,25.859665714847075,-85,-85,1350,700,177.45651198649847,9.321806553655158,circular
730,1100,700,311.5944476685778,26.067010357935978,26.077602459396946,-85,-85,1350,700,186.77831854015363,9.321806553655158,circular
731,1100,700,311.5944476685778,25.9816463993744,25.859665714847075,-85,-85,1350,700,196.1001250938088,9.321806553655158,circular
732,1100,700,311.5944476685778,25.452908776355446,25.157178905256924,-85,-85,1350,700,205.42193164746396,9.321806553655158,circular
733,1100,700,311.5944476685778,24.1582774269213,23.769789312347285,-85,-85,1350,700,214.74373820111913,9.321806553655158,circular
734,1100,700,311.5944476685778,21.81335663023087,20.48098321025059,-85,-85,1350,700,224.0655447547743,9.321806553655158,circular
735,1100,700,311.5944476685778,14.513447644213265,-85,-85,-85,1350,700,233.38735130842946,9.321806553655158,circular
736,1100,700,311.5944476685778,-85,-85,-85,-85,1350,700,242.70915786208462,9.321806553655158,circular
737,1100,700,311.5944476685778,-85,-85,-85,-85,1350,700,252.0309644157398,9.321806553655158,circular
738,1100,700,311.5944476685778,-85,-85,-85,-85,1350,700,261.35277096939495,9.321806553655158,circular
739,1100,700,311.5944476685778,-85,-85,-85,-85,1350,700,270.6745775230501,9.321806553655158,circular
740,1100,700,311.5944476685778,-85,-85,-85,-85,1350,700,279.9963840767053,9.321806553655158,circular
741,1100,700,311.5944476685778,-85,-85,-85,-85,1350,700,289.31819063036045,9.321806553655158,circular
742,1100,700,311.5944476685778,-85,-85,-85,-85,1350,700,298.6399971840156,9.321806553655158,circular
743,1100,700,311.5944476685778,-85,-85,-85,-85,1350,700,307.9618037376708,9.321806553655158,circular
744,1100,700,311.5944476685778,-85,-85,-85,-85,1350,700,317.28361029132594,9.321806553655158,circular
745,1100,700,311.5944476685778,-85,-85,-85,-85,1350,700,326.6054168449811,9.321806553655158,circular
746,1100,700,311.5944476685778,-85,-85,-85,-85,1350,700,335.9272233986363,9.321806553655158,circular
747,1100,700,311.5944476685778,-85,-85,-85,-85,1350,700,345.24902995229144,9.321806553655158,circular
748,1100,700,311.5944476685778,-85,-85,-85,-85,1350,700,354.5708365059466,9.321806553655158,circular
749,1100,700,311.5944476685778,-85,-85,-85,-85,1350,700,3.8926430596017667,9.321806553655158,circular
750,1100,700,311.5944476685778,-85,-85,-85,-85,1350,700,13.214449613256924,9.321806553655158,circular
751,1100,700,311.5944476685778,-85,-85,-85,-85,1350,700,22.536256166912082,9.321806553655158,circular
752,1100,700,311.5944476685778,-85,-85,-85,-85,1350,700,31.85806272056724,9.321806553655158,circular
753,1100,700,311.5944476685778,-85,-85,-85,-85,1350,700,41.1798692742224,9.321806553655158,circular
754,1100,700,311.5944476685778,-85,-85,-85,-85,1350,700,50.501675827877555,9.321806553655158,circular
755,1100,700,311.5944476685778,-85,-85,-85,-85,1350,700,59.82348238153271,9.321806553655158,circular
756,1100,700,311.5944476685778,-85,-85,-85,-85,1350,700,69.14528893518786,9.321806553655158,circular
757,1100,700,311.5944476685778,-85,-85,-85,-85,1350,700,78.46709548884303,9.321806553655158,circular
758,1100,700,311.5944476685778,-85,-85,-85,-85,1350,700,87.7889020424982,9.321806553655158,circular
759,1100,700,311.5944476685778,-85,-85,-85,-85,1350,700,97.11070859615336,9.321806553655158,circular
760,1100,700,311.5944476685778,-85,-85,-85,-85,1350,700,106.43251514980852,9.321806553655158,circular
761,1100,700,311.5944476685778,-85,-85,-85,-85,1350,700,115.75432170346369,9.321806553655158,circular
762,1100,700,311.5944476685778,-85,-85,-85,-85,1350,700,125.07612825711885,9.321806553655158,circular
763,1100,700,311.5944476685778,-85,-85,-85,-85,1350,700,134.39793481077402,9.321806553655158,circular
764,1100,700,311.5944476685778,-85,14.513447644213304,-85,-85,1350,700,143.71974136442918,9.321806553655158,circular
765,1100,700,311.5944476685778,20.97742610025734,22.170735458799452,-85,-85,1350,700,153.04154791808435,9.321806553655158,circular
766,1100,700,311.5944476685778,23.769789312347285,24.33271141113945,-85,-85,1350,700,162.3633544717395,9.321806553655158,circular
767,1100,700,311.5944476685778,25.26334459461691,25.452908776355446,-85,-85,1350,700,171.68516102539468,9.321806553655158,circular
768,1100,700,311.5944476685778,25.906018829630398,25.9816463993744,-85,-85,1350,700,181.00696757904984,9.321806553655158,circular
769,1100,700,311.5944476685778,26.077602459396946,26.053745949214605,-85,-85,1350,700,190.328774132705,9.321806553655158,circular
770,1100,700,311.5944476685778,25.807460623826316,25.684904084789977,-85,-85,1350,700,199.65058068636017,9.321806553655158,circular
771,1100,700,311.5944476685778,25.042923900792417,24.788337040832293,-85,-85,1350,700,208.97238724001534,9.321806553655158,circular
772,1100,700,311.5944476685778,23.553218972269416,22.793695368992225,-85,-85,1350,700,218.2941937936705,9.321806553655158,circular
773,1100,700,311.5944476685778,19.914354227256315,18.474304759512954,-85,-85,1350,700,227.61600034732567,9.321806553655158,circular
774,1100,700,311.5944476685778,-85,-85,-85,-85,1350,700,236.93780690098083,9.321806553655158,circular
775,1100,700,311.5944476685778,-85,-85,-85,-85,1350,700,246.259613454636,9.321806553655158,circular
776,1100,700,311.5944476685778,-85,-85,-85,-85,1350,700,255.58142000829116,9.321806553655158,circular
777,1100,700,311.5944476685778,-85,-85,-85,-85,1350,700,264.9032265619463,9.321806553655158,circular
778,1100,700,311.5944476685778,-85,-85,-85,-85,1350,700,274.2250331156015,9.321806553655158,circular
779,1100,700,311.5944476685778,-85,-85,-85,-85,1350,700,283.54683966925666,9.321806553655158,circular
780,1100,700,311.5944476685778,-85,-85,-85,-85,1350,700,292.8686462229118,9.321806553655158,circular
781,1100,700,311.5944476685778,-85,-85,-85,-85,1350,700,302.190452776567,9.321806553655158,circular
782,1100,700,311.5944476685778,-85,-85,-85,-85,1350,700,311.51225933022215,9.321806553655158,circular
783,1100,700,311.5944476685778,-85,-85,-85,-85,1350,700,320.8340658838773,9.321806553655158,circular
784,1100,700,311.5944476685778,-85,-85,-85,-85,1350,700,330.1558724375325,9.321806553655158,circular
785,1100,700,311.5944476685778,-85,-85,-85,-85,1350,700,339.47767899118764,9.321806553655158,circular
786,1100,700,311.5944476685778,-85,-85,-85,-85,1350,700,348.7994855448428,9.321806553655158,circular
787,1100,700,311.5944476685778,-85,-85,-85,-85,1350,700,358.121292098498,9.321806553655158,circular
788,1100,700,311.5944476685778,-85,-85,-85,-85,1350,700,7.4430986521531395,9.321806553655158,circular
789,1100,700,311.5944476685778,-85,-85,-85,-85,1350,700,16.764905205808297,9.321806553655158,circular
790,1100,700,311.5944476685778,-85,-85,-85,-85,1350,700,26.086711759463455,9.321806553655158,circular
791,1100,700,311.5944476685778,-85,-85,-85,-85,1350,700,35.40851831311861,9.321806553655158,circular
792,1100,700,311.5944476685778,-85,-85,-85,-85,1350,700,44.73032486677377,9.321806553655158,circular
793,1100,700,311.5944476685778,-85,-85,-85,-85,1350,700,54.05213142042893,9.321806553655158,circular
794,1100,700,311.5944476685778,-85,-85,-85,-85,1350,700,63.373937974084086,9.321806553655158,circular
795,1100,700,311.5944476685778,-85,-85,-85,-85,1350,700,72.69574452773924,9.321806553655158,circular
796,1100,700,311.5944476685778,-85,-85,-85,-85,1350,700,82.0175510813944,9.321806553655158,circular
797,1100,700,311.5944476685778,-85,-85,-85,-85,1350,700,91.33935763504957,9.321806553655158,circular
798,1100,700,311.5944476685778,-85,-85,-85,-85,1350,700,100.66116418870473,9.321806553655158,circular
799,1100,700,311.5944476685778,-85,-85,-85,-85,1350,700,109.9829707423599,9.321806553655158,circular
800,1100,700,311.5944476685778,-85,-85,-85,-85,1350,700,119.30477729601506,9.321806553655158,circular
801,1100,700,311.5944476685778,-85,-85,-85,-85,1350,700,128.62658384967023,9.321806553655158,circular
802,1100,700,311.5944476685778,-85,-85,-85,-85,1350,700,137.9483904033254,9.321806553655158,circular
803,1100,700,311.5944476685778,16.269948115724727,19.25639156218217,-85,-85,1350,700,147.27019695698056,9.321806553655158,circular
804,1100,700,311.5944476685778,22.496022074683278,23.06730250275713,-85,-85,1350,700,156.59200351063572,9.321806553655158,circular
805,1100,700,311.5944476685778,24.495315191602927,24.78833704083229,-85,-85,1350,700,165.91381006429089,9.321806553655158,circular
806,1100,700,311.5944476685778,25.536951728381826,25.7492610641292,-85,-85,1350,700,175.23561661794605,9.321806553655158,circular
807,1100,700,311.5944476685778,26.035130213615616,26.067010357935978,-85,-85,1350,700,184.55742317160122,9.321806553655158,circular
808,1100,700,311.5944476685778,26.035130213615616,25.9816463993744,-85,-85,1350,700,193.87922972525638,9.321806553655158,circular
809,1100,700,311.5944476685778,25.614204328866276,25.361807294499556,-85,-85,1350,700,203.20103627891154,9.321806553655158,circular
810,1100,700,311.5944476685778,24.495315191602927,24.1582774269213,-85,-85,1350,700,212.5228428325667,9.321806553655158,circular
811,1100,700,311.5944476685778,22.496022074683278,21.81335663023087,-85,-85,1350,700,221.84464938622187,9.321806553655158,circular
812,1100,700,311.5944476685778,17.51315549939211,11.50579409835762,-85,-85,1350,700,231.16645593987704,9.321806553655158,circular
813,1100,700,311.5944476685778,-85,-85,-85,-85,1350,700,240.4882624935322,9.321806553655158,circular
814,1100,700,311.5944476685778,-85,-85,-85,-85,1350,700,249.81006904718737,9.321806553655158,circular
815,1100,700,311.5944476685778,-85,-85,-85,-85,1350,700,259.13187560084253,9.321806553655158,circular
816,1100,700,311.5944476685778,-85,-85,-85,-85,1350,700,268.4536821544977,9.321806553655158,circular
817,1100,700,311.5944476685778,-85,-85,-85,-85,1350,700,277.77548870815286,9.321806553655158,circular
818,1100,700,311.5944476685778,-85,-85,-85,-85,1350,700,287.09729526180803,9.321806553655158,circular
819,1100,700,311.5944476685778,-85,-85,-85,-85,1350,700,296.4191018154632,9.321806553655158,circular
820,1100,700,311.5944476685778,-85,-85,-85,-85,1350,700,305.74090836911836,9.321806553655158,circular
821,1100,700,311.5944476685778,-85,-85,-85,-85,1350,700,315.0627149227735,9.321806553655158,circular
822,1100,700,311.5944476685778,-85,-85,-85,-85,1350,700,324.3845214764287,9.321806553655158,circular
823,1100,700,311.5944476685778,-85,-85,-85,-85,1350,700,333.70632803008385,9.321806553655158,circular
824,1100,700,311.5944476685778,-85,-85,-85,-85,1350,700,343.028134583739,9.321806553655158,circular
825,1100,700,311.5944476685778,-85,-85,-85,-85,1350,700,352.3499411373942,9.321806553655158,circular
826,1100,700,311.5944476685778,-85,-85,-85,-85,1350,700,1.6717476910493474,9.321806553655158,circular
827,1100,700,311.5944476685778,-85,-85,-85,-85,1350,700,10.993554244704505,9.321806553655158,circular
828,1100,700,311.5944476685778,-85,-85,-85,-85,1350,700,20.315360798359663,9.321806553655158,circular
829,1100,700,311.5944476685778,-85,-85,-85,-85,1350,700,29.63716735201482,9.321806553655158,circular
830,1100,700,311.5944476685778,-85,-85,-85,-85,1350,700,38.95897390566998,9.321806553655158,circular
831,1100,700,311.5944476685778,-85,-85,-85,-85,1350,700,48.280780459325136,9.321806553655158,circular
832,1100,700,311.5944476685778,-85,-85,-85,-85,1350,700,57.602587012980294,9.321806553655158,circular
833,1100,700,311.5944476685778,-85,-85,-85,-85,1350,700,66.92439356663544,9.321806553655158,circular
834,1100,700,311.5944476685778,-85,-85,-85,-85,1350,700,76.24620012029061,9.321806553655158,circular
835,1100,700,311.5944476685778,-85,-85,-85,-85,1350,700,85.56800667394577,9.321806553655158,circular
836,1100,700,311.5944476685778,-85,-85,-85,-85,1350,700,94.88981322760094,9.321806553655158,circular
837,1100,700,311.5944476685778,-85,-85,-85,-85,1350,700,104.2116197812561,9.321806553655158,circular
838,1100,700,311.5944476685778,-85,-85,-85,-85,1350,700,113.53342633491127,9.321806553655158,circular
839,1100,700,311.5944476685778,-85,-85,-85,-85,1350,700,122.85523288856643,9.321806553655158,circular
840,1100,700,311.5944476685778,-85,-85,-85,-85,1350,700,132.1770394422216,9.321806553655158,circular
841,1100,700,311.5944476685778,-85,-85,-85,-85,1350,700,141.49884599587676,9.321806553655158,circular
842,1100,700,311.5944476685778,19.91435422725632,20.97742610025734,-85,-85,1350,700,150.82065254953193,9.321806553655158,circular
843,1100,700,311.5944476685778,23.31969953712386,23.971022246457757,-85,-85,1350,700,160.1424591031871,9.321806553655158,circular
844,1100,700,311.5944476685778,25.042923900792417,25.26334459461691,-85,-85,1350,700,169.46426565684226,9.321806553655158,circular
845,1100,700,311.5944476685778,25.80746062382631,25.906018829630398,-85,-85,1350,700,178.78607221049742,9.321806553655158,circular
846,1100,700,311.5944476685778,26.074956048612798,26.074956048612798,-85,-85,1350,700,188.1078787641526,9.321806553655158,circular
847,1100,700,311.5944476685778,25.946643644493044,25.807460623826316,-85,-85,1350,700,197.42968531780775,9.321806553655158,circular
848,1100,700,311.5944476685778,25.263344594616918,25.042923900792417,-85,-85,1350,700,206.75149187146292,9.321806553655158,circular
849,1100,700,311.5944476685778,23.97102224645776,23.319699537123853,-85,-85,1350,700,216.07329842511808,9.321806553655158,circular
850,1100,700,311.5944476685778,21.418119305852123,19.914354227256315,-85,-85,1350,700,225.39510497877325,9.321806553655158,circular
851,1100,700,311.5944476685778,-85,-85,-85,-85,1350,700,234.7169115324284,9.321806553655158,circular
852,1100,700,311.5944476685778,-85,-85,-85,-85,1350,700,244.03871808608358,9.321806553655158,circular
853,1100,700,311.5944476685778,-85,-85,-85,-85,1350,700,253.36052463973874,9.321806553655158,circular
854,1100,700,311.5944476685778,-85,-85,-85,-85,1350,700,262.6823311933939,9.321806553655158,circular
855,1100,700,311.5944476685778,-85,-85,-85,-85,1350,700,272.00413774704907,9.321806553655158,circular
856,1100,700,311.5944476685778,-85,-85,-85,-85,1350,700,281.32594430070424,9.321806553655158,circular
857,1100,700,311.5944476685778,-85,-85,-85,-85,1350,700,290.6477508543594,9.321806553655158,circular
858,1100,700,311.5944476685778,-85,-85,-85,-85,1350,700,299.96955740801457,9.321806553655158,circular
859,1100,700,311.5944476685778,-85,-85,-85,-85,1350,700,309.29136396166973,9.321806553655158,circular
860,1100,700,311.5944476685778,-85,-85,-85,-85,1350,700,318.6131705153249,9.321806553655158,circular
861,1100,700,311.5944476685778,-85,-85,-85,-85,1350,700,327.93497706898006,9.321806553655158,circular
862,1100,700,311.5944476685778,-85,-85,-85,-85,1350,700,337.2567836226352,9.321806553655158,circular
863,1100,700,311.5944476685778,-85,-85,-85,-85,1350,700,346.5785901762904,9.321806553655158,circular
864,1100,700,311.5944476685778,-85,-85,-85,-85,1350,700,355.90039672994556,9.321806553655158,circular
865,1100,700,311.5944476685778,-85,-85,-85,-85,1350,700,5.22220328360072,9.321806553655158,circular
866,1100,700,311.5944476685778,-85,-85,-85,-85,1350,700,14.544009837255878,9.321806553655158,circular
867,1100,700,311.5944476685778,-85,-85,-85,-85,1350,700,23.865816390911036,9.321806553655158,circular
868,1100,700,311.5944476685778,-85,-85,-85,-85,1350,700,33.18762294456619,9.321806553655158,circular
869,1100,700,311.5944476685778,-85,-85,-85,-85,1350,700,42.50942949822135,9.321806553655158,circular
870,1100,700,311.5944476685778,-85,-85,-85,-85,1350,700,51.83123605187651,9.321806553655158,circular
871,1100,700,311.5944476685778,-85,-85,-85,-85,1350,700,61.15304260553167,9.321806553655158,circular
872,1100,700,311.5944476685778,-85,-85,-85,-85,1350,700,70.47484915918682,9.321806553655158,circular
873,1100,700,311.5944476685778,-85,-85,-85,-85,1350,700,79.79665571284198,9.321806553655158,circular
874,1100,700,311.5944476685778,-85,-85,-85,-85,1350,700,89.11846226649715,9.321806553655158,circular
875,1100,700,311.5944476685778,-85,-85,-85,-85,1350,700,98.44026882015231,9.321806553655158,circular
876,1100,700,311.5944476685778,-85,-85,-85,-85,1350,700,107.76207537380748,9.321806553655158,circular
877,1100,700,311.5944476685778,-85,-85,-85,-85,1350,700,117.08388192746264,9.321806553655158,circular
878,1100,700,311.5944476685778,-85,-85,-85,-85,1350,700,126.4056884811178,9.321806553655158,circular
879,1100,700,311.5944476685778,-85,-85,-85,-85,1350,700,135.72749503477297,9.321806553655158,circular
880,1100,700,311.5944476685778,11.505794098357505,17.513155499392102,-85,-85,1350,700,145.04930158842814,9.321806553655158,circular
881,1100,700,311.5944476685778,21.41811930585211,22.496022074683278,-85,-85,1350,700,154.3711081420833,9.321806553655158,circular
882,1100,700,311.5944476685778,24.1582774269213,24.495315191602927,-85,-85,1350,700,163.69291469573847,9.321806553655158,circular
883,1100,700,311.5944476685778,25.36180729449956,25.536951728381826,-85,-85,1350,700,173.01472124939363,9.321806553655158,circular
884,1100,700,311.5944476685778,25.946643644493044,26.035130213615616,-85,-85,1350,700,182.3365278030488,9.321806553655158,circular
885,1100,700,311.5944476685778,26.067010357935978,26.035130213615616,-85,-85,1350,700,191.65833435670396,9.321806553655158,circular
886,1100,700,311.5944476685778,25.7492610641292,25.614204328866276,-85,-85,1350,700,200.98014091035913,9.321806553655158,circular
887,1100,700,311.5944476685778,24.92014212493214,24.495315191602927,-85,-85,1350,700,210.3019474640143,9.321806553655158,circular
888,1100,700,311.5944476685778,23.067302502757133,22.496022074683278,-85,-85,1350,700,219.62375401766946,9.321806553655158,circular
889,1100,700,311.5944476685778,19.25639156218219,17.51315549939211,-85,-85,1350,700,228.94556057132462,9.321806553655158,circular
890,1100,700,311.5944476685778,-85,-85,-85,-85,1350,700,238.26736712497978,9.321806553655158,circular
891,1100,700,311.5944476685778,-85,-85,-85,-85,1350,700,247.58917367863495,9.321806553655158,circular
892,1100,700,311.5944476685778,-85,-85,-85,-85,1350,700,256.9109802322901,9.321806553655158,circular
893,1100,700,311.5944476685778,-85,-85,-85,-85,1350,700,266.2327867859453,9.321806553655158,circular
894,1100,700,311.5944476685778,-85,-85,-85,-85,1350,700,275.55459333960044,9.321806553655158,circular
895,1100,700,311.5944476685778,-85,-85,-85,-85,1350,700,284.8763998932556,9.321806553655158,circular
896,1100,700,311.5944476685778,-85,-85,-85,-85,1350,700,294.1982064469108,9.321806553655158,circular
897,1100,700,311.5944476685778,-85,-85,-85,-85,1350,700,303.52001300056594,9.321806553655158,circular
898,1100,700,311.5944476685778,-85,-85,-85,-85,1350,700,312.8418195542211,9.321806553655158,circular
899,1100,700,311.5944476685778,-85,-85,-85,-85,1350,700,322.16362610787627,9.321806553655158,circular
900,1100,700,311.5944476685778,-85,-85,-85,-85,1350,700,331.48543266153143,9.321806553655158,circular
901,1100,700,311.5944476685778,-85,-85,-85,-85,1350,700,340.8072392151866,9.321806553655158,circular
902,1100,700,311.5944476685778,-85,-85,-85,-85,1350,700,350.12904576884176,9.321806553655158,circular
903,1100,700,311.5944476685778,-85,-85,-85,-85,1350,700,359.4508523224969,9.321806553655158,circular
904,1100,700,311.5944476685778,-85,-85,-85,-85,1350,700,8.772658876152093,9.321806553655158,circular
905,1100,700,311.5944476685778,-85,-85,-85,-85,1350,700,18.09446542980725,9.321806553655158,circular
906,1100,700,311.5944476685778,-85,-85,-85,-85,1350,700,27.41627198346241,9.321806553655158,circular
907,1100,700,311.5944476685778,-85,-85,-85,-85,1350,700,36.738078537117566,9.321806553655158,circular
908,1100,700,311.5944476685778,-85,-85,-85,-85,1350,700,46.059885090772724,9.321806553655158,circular
909,1100,700,311.5944476685778,-85,-85,-85,-85,1350,700,55.38169164442788,9.321806553655158,circular
910,1100,700,311.5944476685778,-85,-85,-85,-85,1350,700,64.70349819808304,9.321806553655158,circular
911,1100,700,311.5944476685778,-85,-85,-85,-85,1350,700,74.02530475173819,9.321806553655158,circular
912,1100,700,311.5944476685778,-85,-85,-85,-85,1350,700,83.34711130539335,9.321806553655158,circular
913,1100,700,311.5944476685778,-85,-85,-85,-85,1350,700,92.66891785904852,9.321806553655158,circular
914,1100,700,311.5944476685778,-85,-85,-85,-85,1350,700,101.99072441270368,9.321806553655158,circular
915,1100,700,311.5944476685778,-85,-85,-85,-85,1350,700,111.31253096635885,9.321806553655158,circular
916,1100,700,311.5944476685778,-85,-85,-85,-85,1350,700,120.63433752001401,9.321806553655158,circular
917,1100,700,311.5944476685778,-85,-85,-85,-85,1350,700,129.95614407366918,9.321806553655158,circular
918,1100,700,311.5944476685778,-85,-85,-85,-85,1350,700,139.27795062732434,9.321806553655158,circular
919,1100,700,311.5944476685778,18.47430475951294,19.91435422725632,-85,-85,1350,700,148.5997571809795,9.321806553655158,circular
920,1100,700,311.5944476685778,22.793695368992218,23.31969953712386,-85,-85,1350,700,157.92156373463467,9.321806553655158,circular
921,1100,700,311.5944476685778,24.646943359767004,25.042923900792417,-85,-85,1350,700,167.24337028828984,9.321806553655158,circular
922,1100,700,311.5944476685778,25.684904084789974,25.80746062382631,-85,-85,1350,700,176.565176841945,9.321806553655158,circular
923,1100,700,311.5944476685778,26.053745949214605,26.074956048612798,-85,-85,1350,700,185.88698339560017,9.321806553655158,circular
924,1100,700,311.5944476685778,26.011117049096303,25.906018829630398,-85,-85,1350,700,195.20878994925533,9.321806553655158,circular
925,1100,700,311.5944476685778,25.452908776355446,25.263344594616918,-85,-85,1350,700,204.5305965029105,9.321806553655158,circular
926,1100,700,311.5944476685778,24.332711411139446,23.97102224645776,-85,-85,1350,700,213.85240305656566,9.321806553655158,circular
927,1100,700,311.5944476685778,22.170735458799452,20.97742610025735,-85,-85,1350,700,223.17420961022083,9.321806553655158,circular
928,1100,700,311.5944476685778,14.513447644213265,-85,-85,-85,1350,700,232.496016163876,9.321806553655158,circular
929,1100,700,311.5944476685778,-85,-85,-85,-85,1350,700,241.81782271753116,9.321806553655158,circular
930,1100,700,311.5944476685778,-85,-85,-85,-85,1350,700,251.13962927118632,9.321806553655158,circular
931,1100,700,311.5944476685778,-85,-85,-85,-85,1350,700,260.4614358248415,9.321806553655158,circular
932,1100,700,311.5944476685778,-85,-85,-85,-85,1350,700,269.78324237849665,9.321806553655158,circular
933,1100,700,311.5944476685778,-85,-85,-85,-85,1350,700,279.1050489321518,9.321806553655158,circular
934,1100,700,311.5944476685778,-85,-85,-85,-85,1350,700,288.426855485807,9.321806553655158,circular
935,1100,700,311.5944476685778,-85,-85,-85,-85,1350,700,297.74866203946215,9.321806553655158,circular
936,1100,700,311.5944476685778,-85,-85,-85,-85,1350,700,307.0704685931173,9.321806553655158,circular
937,1100,700,311.5944476685778,-85,-85,-85,-85,1350,700,316.3922751467725,9.321806553655158,circular
938,1100,700,311.5944476685778,-85,-85,-85,-85,1350,700,325.71408170042764,9.321806553655158,circular
939,1100,700,311.5944476685778,-85,-85,-85,-85,1350,700,335.0358882540828,9.321806553655158,circular
940,1100,700,311.5944476685778,-85,-85,-85,-85,1350,700,344.35769480773797,9.321806553655158,circular
941,1100,700,311.5944476685778,-85,-85,-85,-85,1350,700,353.67950136139314,9.321806553655158,circular
942,1100,700,311.5944476685778,-85,-85,-85,-85,1350,700,3.001307915048301,9.321806553655158,circular
943,1100,700,311.5944476685778,-85,-85,-85,-85,1350,700,12.323114468703459,9.321806553655158,circular
944,1100,700,311.5944476685778,-85,-85,-85,-85,1350,700,21.644921022358616,9.321806553655158,circular
945,1100,700,311.5944476685778,-85,-85,-85,-85,1350,700,30.966727576013774,9.321806553655158,circular
946,1100,700,311.5944476685778,-85,-85,-85,-85,1350,700,40.28853412966893,9.321806553655158,circular
947,1100,700,311.5944476685778,-85,-85,-85,-85,1350,700,49.61034068332409,9.321806553655158,circular
948,1100,700,311.5944476685778,-85,-85,-85,-85,1350,700,58.93214723697925,9.321806553655158,circular
949,1100,700,311.5944476685778,-85,-85,-85,-85,1350,700,68.2539537906344,9.321806553655158,circular
950,1100,700,311.5944476685778,-85,-85,-85,-85,1350,700,77.57576034428956,9.321806553655158,circular
951,1100,700,311.5944476685778,-85,-85,-85,-85,1350,700,86.89756689794473,9.321806553655158,circular
952,1100,700,311.5944476685778,-85,-85,-85,-85,1350,700,96.21937345159989,9.321806553655158,circular
953,1100,700,311.5944476685778,-85,-85,-85,-85,1350,700,105.54118000525506,9.321806553655158,circular
954,1100,700,311.5944476685778,-85,-85,-85,-85,1350,700,114.86298655891022,9.321806553655158,circular
955,1100,700,311.5944476685778,-85,-85,-85,-85,1350,700,124.18479311256539,9.321806553655158,circular
956,1100,700,311.5944476685778,-85,-85,-85,-85,1350,700,133.50659966622055,9.321806553655158,circular
957,1100,700,311.5944476685778,-85,11.505794098357505,-85,-85,1350,700,142.82840621987572,9.321806553655158,circular
958,1100,700,311.5944476685778,20.48098321025059,21.813356630230874,-85,-85,1350,700,152.15021277353088,9.321806553655158,circular
959,1100,700,311.5944476685778,23.769789312347285,24.1582774269213,-85,-85,1350,700,161.47201932718605,9.321806553655158,circular
960,1100,700,311.5944476685778,25.157178905256924,25.36180729449956,-85,-85,1350,700,170.7938258808412,9.321806553655158,circular
961,1100,700,311.5944476685778,25.859665714847075,25.9816463993744,-85,-85,1350,700,180.11563243449638,9.321806553655158,circular
962,1100,700,311.5944476685778,26.077602459396946,26.067010357935978,-85,-85,1350,700,189.43743898815154,9.321806553655158,circular
963,1100,700,311.5944476685778,25.859665714847075,25.7492610641292,-85,-85,1350,700,198.7592455418067,9.321806553655158,circular
964,1100,700,311.5944476685778,25.157178905256924,24.788337040832293,-85,-85,1350,700,208.08105209546187,9.321806553655158,circular
965,1100,700,311.5944476685778,23.769789312347285,23.067302502757133,-85,-85,1350,700,217.40285864911704,9.321806553655158,circular
966,1100,700,311.5944476685778,20.48098321025059,19.25639156218219,-85,-85,1350,700,226.7246652027722,9.321806553655158,circular
967,1100,700,311.5944476685778,-85,-85,-85,-85,1350,700,236.04647175642737,9.321806553655158,circular
968,1100,700,311.5944476685778,-85,-85,-85,-85,1350,700,245.36827831008253,9.321806553655158,circular
969,1100,700,311.5944476685778,-85,-85,-85,-85,1350,700,254.6900848637377,9.321806553655158,circular
970,1100,700,311.5944476685778,-85,-85,-85,-85,1350,700,264.01189141739286,9.321806553655158,circular
971,1100,700,311.5944476685778,-85,-85,-85,-85,1350,700,273.333697971048,9.321806553655158,circular
972,1100,700,311.5944476685778,-85,-85,-85,-85,1350,700,282.6555045247032,9.321806553655158,circular
973,1100,700,311.5944476685778,-85,-85,-85,-85,1350,700,291.97731107835835,9.321806553655158,circular
974,1100,700,311.5944476685778,-85,-85,-85,-85,1350,700,301.2991176320135,9.321806553655158,circular
975,1100,700,311.5944476685778,-85,-85,-85,-85,1350,700,310.6209241856687,9.321806553655158,circular
976,1100,700,311.5944476685778,-85,-85,-85,-85,1350,700,319.94273073932385,9.321806553655158,circular
977,1100,700,311.5944476685778,-85,-85,-85,-85,1350,700,329.264537292979,9.321806553655158,circular
978,1100,700,311.5944476685778,-85,-85,-85,-85,1350,700,338.5863438466342,9.321806553655158,circular
979,1100,700,311.5944476685778,-85,-85,-85,-85,1350,700,347.90815040028934,9.321806553655158,circular
980,1100,700,311.5944476685778,-85,-85,-85,-85,1350,700,357.2299569539445,9.321806553655158,circular
981,1100,700,311.5944476685778,-85,-85,-85,-85,1350,700,6.551763507599674,9.321806553655158,circular
982,1100,700,311.5944476685778,-85,-85,-85,-85,1350,700,15.873570061254831,9.321806553655158,circular
983,1100,700,311.5944476685778,-85,-85,-85,-85,1350,700,25.19537661490999,9.321806553655158,circular
984,1100,700,311.5944476685778,-85,-85,-85,-85,1350,700,34.51718316856515,9.321806553655158,circular
985,1100,700,311.5944476685778,-85,-85,-85,-85,1350,700,43.838989722220305,9.321806553655158,circular
986,1100,700,311.5944476685778,-85,-85,-85,-85,1350,700,53.16079627587546,9.321806553655158,circular
987,1100,700,311.5944476685778,-85,-85,-85,-85,1350,700,62.48260282953062,9.321806553655158,circular
988,1100,700,311.5944476685778,-85,-85,-85,-85,1350,700,71.80440938318577,9.321806553655158,circular
989,1100,700,311.5944476685778,-85,-85,-85,-85,1350,700,81.12621593684094,9.321806553655158,circular
990,1100,700,311.5944476685778,-85,-85,-85,-85,1350,700,90.4480224904961,9.321806553655158,circular
991,1100,700,311.5944476685778,-85,-85,-85,-85,1350,700,99.76982904415127,9.321806553655158,circular
992,1100,700,311.5944476685778,-85,-85,-85,-85,1350,700,109.09163559780643,9.321806553655158,circular
993,1100,700,311.5944476685778,-85,-85,-85,-85,1350,700,118.4134421514616,9.321806553655158,circular
994,1100,700,311.5944476685778,-85,-85,-85,-85,1350,700,127.73524870511676,9.321806553655158,circular
995,1100,700,311.5944476685778,-85,-85,-85,-85,1350,700,137.05705525877192,9.321806553655158,circular
996,1100,700,311.5944476685778,14.513447644213304,18.47430475951294,-85,-85,1350,700,146.3788618124271,9.321806553655158,circular
997,1100,700,311.5944476685778,22.170735458799452,22.793695368992218,-85,-85,1350,700,155.70066836608225,9.321806553655158,circular
998,1100,700,311.5944476685778,24.33271141113945,24.646943359767004,-85,-85,1350,700,165.02247491973742,9.321806553655158,circular
999,1100,700,311.5944476685778,25.452908776355446,25.684904084789974,-85,-85,1350,700,174.34428147339258,9.321806553655158,circular
